alpha_a alpha_g dim A_ass A_ass_err B_ass B_ass_err A_diameter A_diameter_err B_diameter B_diameter_err A_short A_short_err B_short B_short_err
0.0 2 1 0.01738831951252613 0.0009568792305912964 -0.2235622400965007 0.008381936391533175 0.01693506211918649 0.09207478089115574 -0.21793823849613395 0.806542846433279 0.014819787372611934 0.12186044618158713 -0.19170125393582235 1.0674406999642674
1.0 2 1 0.015624295571153423 0.001169369054662684 -0.22690820931197933 0.011382656854787633 0.015090790492435025 0.06309434066027318 -0.22008652910536497 0.6141598286163121 0.013088373104364162 0.07667835659530745 -0.19510074035257122 0.7463703908289048
3.0 2 1 0.005651072878581165 0.0005683886797161604 -0.04933796047511993 0.005163676464705347 0.005468269737297842 0.03475265033426659 -0.04727547500243819 0.315719391055002 0.004589396874245037 0.04861467530099368 -0.03725911781140546 0.44164922573648696
4.0 2 1 0.004623870612886748 0.0004885798576727084 -0.023140472229859616 0.004484691023582271 0.0044828724268930744 0.02804599516272143 -0.021553816668760203 0.25743499852744256 0.003729369939633988 0.040466708601052746 -0.013019612245750874 0.371442498304804
5.0 2 1 0.003161503755236703 0.000510581004753347 0.002723929457753764 0.005318643894209917 0.003095193568385611 0.014127320452052101 0.0034918596320965265 0.1471620935976467 0.0026885350040542315 0.021663000655725143 0.00823819831683788 0.2256593342310869
6.0 2 1 0.0038830948636364992 0.000472087689301715 0.0011350587384911382 0.004362623665464142 0.003788962267919596 0.022316399132590856 0.002210970344147856 0.20622866115170624 0.0032313426335984774 0.03344577169499868 0.00863282545939211 0.30907482637990785
7.0 2 1 0.0039024620943328638 0.00044723474138504485 0.006067294039756475 0.004089970446378285 0.003806047516916964 0.024463418994344586 0.007144683255692104 0.22371837184924082 0.0032258995191237457 0.03678554899832863 0.013666644300888835 0.33640286296948096
8.0 2 1 0.0038038555812751887 0.0004233525280493251 0.0105662706244458 0.003867218635774269 0.0037068844675971365 0.024611329742261094 0.011647169938071335 0.22481822145796837 0.003131884751906939 0.03702406879230462 0.018112547782451322 0.33820386276189623
9.0 2 1 0.003325353818477109 0.00047389577944155644 0.017728593585839326 0.0043761580113271465 0.0032466029706152777 0.02068192674594731 0.018631858467107888 0.19098576774797152 0.0027776065876895825 0.03125390929534968 0.02407038085366763 0.28861059138817985
10.0 2 1 0.003474559409363323 0.0003232868039892177 0.018207700662369677 0.0028660957283861443 0.003393322446154686 0.02956590787729818 0.01914043652536953 0.2621161858786703 0.0028944835123176273 0.0447736276930165 0.024909329762433208 0.39693876192183875
11.0 2 1 0.0031456255263624666 0.000457518551896082 0.023125987208955454 0.004052482794778298 0.00307134162061475 0.02996103035845549 0.0239913739853252 0.2653805764889453 0.002617120524834251 0.04548218505063029 0.029336599125999254 0.4028584631337931
12.0 2 1 0.0030801060344294666 0.0003167172501870009 0.024964499745372723 0.002883201925324579 0.003011688479955231 0.020724737143083993 0.02577637934993354 0.18866538811473585 0.0025838578256095245 0.03148815621601172 0.030879305833902453 0.28664761620720164
13.0 2 1 0.0032094643285395723 0.00047825361824599416 0.02530499288702832 0.004218464117595609 0.003134302071213185 0.032739377576908826 0.02616853417472165 0.28877955713768155 0.0026715895534413295 0.04981540668606129 0.031537248089103805 0.4393986323953035
14.0 2 1 0.0032082810473650107 0.00024864198567982354 0.026195721379846063 0.0022025288104432794 0.003133777017822744 0.029046470349623373 0.027057698603331064 0.25730037129137084 0.0026801025966437177 0.04421413766309782 0.032372798633678784 0.39165794729204356
15.0 2 1 0.0030792825914227988 0.00030437225478363355 0.028143104805870615 0.0027333426451715873 0.003009881718348334 0.023679265514113097 0.028957547708094077 0.21264595795161878 0.002585301785937268 0.03620198160327516 0.03401163267581171 0.32510196186468604
0.0 2 2 0.015881868814765655 0.0008781682702651022 -0.20808817697654025 0.008489415460249368 0.01546542814409892 0.05341395408190301 -0.20286323186656272 0.5163615784382588 0.013494483399432275 0.06950072976563033 -0.17842428612697014 0.6718592240020356
1.0 2 2 0.018161527283797108 0.0011737100209734343 -0.24482853742171232 0.011284787437766751 0.017606348935375434 0.07034637124126876 -0.2375280935465725 0.6763525421803879 0.015840089559081005 0.08468686631715008 -0.21382230861165524 0.8142132001437011
3.0 2 2 0.012551340373088209 0.0011209191762028099 -0.16991379236805706 0.01098810327679974 0.012103809716653785 0.04998540223300196 -0.16462467832346586 0.48999416223882053 0.010236788141137591 0.06667322519833178 -0.1422841359119096 0.653569586551827
4.0 2 2 0.008433169694423023 0.0009832109549814403 -0.1075931029093219 0.00980916674107797 0.008057696871581936 0.0410588233351966 -0.10321986105123428 0.40962958404548344 0.006270014657761905 0.056707466130983576 -0.08229303708409688 0.5657417368954453
5.0 2 2 0.006884651774104568 0.0008923803859824559 -0.07780228625946303 0.008976765803369572 0.006578764969067809 0.036440221276129774 -0.07421925343628556 0.3665644928467905 0.004870175052712686 0.05253878159483136 -0.05420929874947786 0.5284973905725401
6.0 2 2 0.006049213409335787 0.0007957042922193735 -0.059808309544977775 0.008026369006413816 0.005755738806424827 0.0341826321986049 -0.05642961906760393 0.3448041572634572 0.004143044378479988 0.0498988183230985 -0.03776425312956879 0.5033285437842182
7.0 2 2 0.005596436537791739 0.000687789428000946 -0.04813760580581402 0.007010215239694363 0.0053630759517615595 0.02958919891930548 -0.04541706179797093 0.30158427667141363 0.0040102128127050265 0.04382602548576408 -0.02958302721819133 0.4466861059996684
8.0 2 2 0.005349568588411246 0.0006883785186224068 -0.040287422673892806 0.0070412060325281845 0.005093191623324699 0.029676364363434914 -0.037334428036077796 0.30354987260447575 0.003767199685500144 0.044283023365760184 -0.02177207161233607 0.4529516064669622
9.0 2 2 0.005160676316139336 0.0007423226471602354 -0.0343439781841673 0.007602383656084527 0.004943785123738796 0.027318656505319262 -0.03182546376332107 0.2797796128810674 0.003687428820311196 0.04057177196921778 -0.017175505441367818 0.4155046834649668
10.0 2 2 0.0042645786687077955 0.0007162179088317428 -0.021166284415672705 0.00789346152366829 0.0041351323794005254 0.022518025843797675 -0.019605254557230646 0.24817184127411185 0.003364500718068036 0.03314859788792582 -0.010318713160102575 0.3653301532428482
11.0 2 2 0.00579249099597872 0.0007129074139052579 -0.03596189560526179 0.006516144389907333 0.0055473870700988364 0.04198518966810947 -0.03310136421210793 0.38375432978204876 0.0040732671098322555 0.06283552773791037 -0.015865630589268674 0.574323705353679
12.0 2 2 0.004151497871062247 0.00046348094932292545 -0.01571555935262395 0.0051281661617937485 0.004018865900791188 0.020234878698718737 -0.014122602369559624 0.22388791725050483 0.0032278782939146994 0.031495731964870786 -0.004516628612954176 0.34848135498223826
13.0 2 2 0.0055236848153410656 0.0006347311040117275 -0.029704655799387927 0.005806153581546471 0.00527686294883024 0.04186001050739883 -0.026839815010153017 0.3829108546789115 0.0038221352988947804 0.06280336912119754 -0.009834803029573716 0.5744811201335185
14.0 2 2 0.003460799987577291 0.0006281700640810096 -0.004877389310849195 0.007030337020135251 0.003356321617237878 0.017525985724148506 -0.0036149094503685713 0.19614680902387893 0.0026602893038939488 0.028265459102407322 0.004876604843282885 0.31633917005744705
15.0 2 2 0.003519016944506372 0.0005541133282741495 -0.0038745636409055787 0.006177485394682377 0.0034015002559332004 0.01825586983152055 -0.0024628237678626357 0.20352395414664765 0.0026921851947125435 0.027701315490186576 0.006091435611454921 0.3088243458591648
0.0 2 3 0.015524105454423355 0.0011970767812131229 -0.20438351148801884 0.011695238885885025 0.015060372460622445 0.04953746956109071 -0.19868893269143467 0.48397161958631124 0.013052657982783015 0.06460438544760964 -0.17379670829924648 0.6311558177111275
1.0 2 3 0.018912153246180383 0.001228969411494308 -0.2470832411031558 0.011825449974338285 0.018403738391518928 0.0673141575183482 -0.2403958400407684 0.6477120409302266 0.016828516723408134 0.07867109076285071 -0.21964877885890738 0.7569766274043324
3.0 2 3 0.014979331479633718 0.0007867336251108517 -0.22434637363524113 0.007604898495063143 0.014408660448879259 0.06463465747700699 -0.21733775448354106 0.6247844135761669 0.012589078470638263 0.0790700473122604 -0.19455939061051533 0.7643089668594034
4.0 2 3 0.013705895005964409 0.0008830822644463289 -0.1915102975886615 0.008578053898374386 0.013357189262950394 0.05219347510837045 -0.18713900254325488 0.506994448752671 0.011868632170582873 0.06582310488690861 -0.16896210541761852 0.6393802333644447
5.0 2 3 0.010105686249438528 0.0012297139937749604 -0.13571477647018096 0.012224440555435614 0.00978569042619709 0.041198684280681894 -0.1317784681976166 0.409550619120583 0.008364250595202004 0.055352986175999805 -0.1141993620413864 0.5502479562830184
6.0 2 3 0.007619898793799654 0.0009804511687811978 -0.09771414845899785 0.009670294682189237 0.007252289095289812 0.04604378958446519 -0.09332096852609247 0.4541341985762295 0.005721574666343966 0.06164292451890378 -0.0747914914852957 0.6079815071600314
7.0 2 3 0.006373333703042965 0.0007077268961390476 -0.07641620976777566 0.006997789480673201 0.006035905634153586 0.043203218950701054 -0.0724006981299348 0.4271798270303379 0.004286757465720701 0.05979864736259683 -0.05175296940120396 0.5912611239065341
8.0 2 3 0.005465408711600404 0.000695092437848799 -0.061103631267327006 0.006965653080114221 0.005111364924439675 0.03949834379528751 -0.0569810479395127 0.3958198894232095 0.003381917935082879 0.05532596019510556 -0.036728997973863226 0.5544230024734798
9.0 2 3 0.0045941744172722865 0.0005360558800846347 -0.0473762516218328 0.005385092690566422 0.00424200535962947 0.0392496844075888 -0.043268118620760215 0.3942927080825072 0.0025759158292606096 0.054700474090706996 -0.023687115368066117 0.5494997300153296
10.0 2 3 0.0034132327561406657 0.0006710624912700928 -0.03048991057160946 0.007385022482463278 0.003168991991965597 0.02731423995657618 -0.027541657161802777 0.30059216629642077 0.0017902686477770024 0.04051987700649398 -0.010806503243776399 0.445915303308759
11.0 2 3 0.004384659676894542 0.0004594834982015731 -0.03966977100128314 0.0041603214202800805 0.004026456177493506 0.05408491669742769 -0.03548176016965948 0.4897027983165409 0.0022635529437934018 0.07658227949581277 -0.014638913652958802 0.693391096445533
12.0 2 3 0.0036402252579529086 0.0002624423340332075 -0.028168655490981007 0.002900469002376488 0.0034209161847039986 0.02864014392590661 -0.025491861756150258 0.31652591361132615 0.002154327650961546 0.04045065256513252 -0.010168344979094857 0.4470499634145158
13.0 2 3 0.004434672734864936 0.0004555701732212922 -0.03500175623584559 0.004121937669218823 0.00406440916039884 0.0562872483081574 -0.03072939951303495 0.5092788597996576 0.002118640778201888 0.08047418717014823 -0.008230843968199068 0.7281081827936348
14.0 2 3 0.003887503992045157 0.00035277324245337695 -0.027532999114428466 0.0038341870055078934 0.0037358557646174494 0.026981638258035734 -0.025653492516877697 0.29325523799214903 0.002861462321241293 0.03817532911726584 -0.014941096312313197 0.41491362841225465
15.0 2 3 0.0025202045680707227 0.0005185575681070461 -0.010890823227380742 0.005845826920175664 0.0023601939423198814 0.022038776013097915 -0.008931541271809692 0.24844843187762333 0.00145103821199211 0.0331816579005182 0.002280784060095879 0.374062655769874
0.0 2 4 0.015906550005542797 0.0011581716552632661 -0.20826367493039594 0.011215128461830952 0.01556717816637306 0.05373549199880988 -0.20377844994270233 0.5203455160021978 0.013706763401901382 0.0700010483266576 -0.1803296140299982 0.677837174571486
1.0 2 4 0.018127962051229803 0.0010909423588375629 -0.2388824642549102 0.010479760052001972 0.017642256497223653 0.06808892878205801 -0.23239418473610096 0.6540711770690771 0.015951744192457862 0.07803014053257701 -0.2108559860976797 0.7495529521050465
3.0 2 4 0.018379710735925432 0.0009378615976803648 -0.2562719013204743 0.008957586039413714 0.0178510559160324 0.07999390374559087 -0.2488866581310437 0.7640258482729252 0.016339153913679242 0.08880511816852149 -0.22860479266386552 0.848167893025011
4.0 2 4 0.014891742660026701 0.000687240054096423 -0.22123275301712292 0.006655894090860659 0.014279066458203553 0.06466992309230947 -0.21371757574871117 0.6263241871210506 0.012550596778319212 0.07631477258022318 -0.1921068413335796 0.7390905910418349
5.0 2 4 0.012353856319927848 0.0007627156638860716 -0.18288208281538257 0.0076492405662756035 0.011897421947218705 0.041482472921970444 -0.17737794287286102 0.4160248236226718 0.010305419813561095 0.050072371949080256 -0.1583627321099193 0.502161926971387
6.0 2 4 0.010997285341723978 0.0011566372896356298 -0.1503286501744364 0.01153978224538535 0.01065021527744971 0.038367494314598655 -0.14614843144507372 0.38279224400982476 0.009661068375715691 0.04985255903032373 -0.13332321639160122 0.4973721942851209
7.0 2 4 0.00995356594734928 0.0010668014189953153 -0.12482825519604192 0.010489857426824954 0.009621789208126796 0.04501828677611864 -0.12086376887762457 0.44266424206358074 0.008482128676195183 0.057290117978914985 -0.106957990361713 0.5633272439254153
8.0 2 4 0.006841357926397362 0.001223490652948291 -0.08462333691437673 0.012123628905236099 0.006517423622245843 0.04193594065326817 -0.08071805793379497 0.4155447476494482 0.005118125405680692 0.05397942954441254 -0.06407749188314345 0.5348768903714811
9.0 2 4 0.004802982064616853 0.0008597435940556722 -0.05721959698789509 0.008566155023231551 0.00441996256591816 0.04206235476127648 -0.05276624719130048 0.4190925830890635 0.00288185664722854 0.05456389386807156 -0.03485420737935025 0.5436458032050527
10.0 2 4 0.0018975252356860253 0.0007047935403240427 -0.022801018547742948 0.007968683959148463 0.0016296862364483544 0.025174634632538054 -0.019525549266747086 0.2846344660521955 0.0002777733366805307 0.03499855725855323 -0.00299561858727376 0.39570354226403137
11.0 2 4 0.0035179378462288106 0.0007027204089681302 -0.03694402160091415 0.006288548611992535 0.0031471459706802277 0.06386439123992603 -0.03260618076461502 0.571513088924704 0.0015880573640772674 0.08566649613972702 -0.014124592050404259 0.7666088143607511
12.0 2 4 0.0017173634028483933 0.0005508769014897551 -0.014690050737873757 0.006038835941582672 0.0015095710125416794 0.026752336795869257 -0.012147518039480418 0.2932649055587701 0.00041050257510143634 0.0362000572445367 0.0011357645274384207 0.3968294348828937
13.0 2 4 0.002289006594141123 0.0004064468812715198 -0.019082390206996064 0.003658210556377105 0.0019344946475240911 0.060048748544887766 -0.014903545728354013 0.5404660143069409 0.000399575837688542 0.08076919837969482 0.0033214332006431145 0.7269512382918062
14.0 2 4 0.0011529271775237572 0.00024111596996698515 -0.004981817372090813 0.0027248103489588902 0.0009732711097301108 0.021428116396789824 -0.0027480535959337397 0.24215531917108124 0.00022178030845567835 0.028464320919870095 0.006626609092371527 0.32166803833969665
15.0 2 4 0.0020347838554315707 0.0004137984856496109 -0.012137578000439006 0.004608848639866678 0.0018299076273627125 0.024966257712931966 -0.009626566195398973 0.2780716534805557 0.0008854996641690335 0.03486167587972286 0.002044590839098339 0.38828306353130126
