N dim alpha_a alpha_g N_samples per_short std_short per_ass std_ass per_dia std_dia
5000.0 1.0 0.0 2.0 20986.0 0.041319092229917115 0.5140529454444955 0.1445856441103252 0.0158657925697574 0.05482748886119645 1.7951712074194703
5000.0 4.0 0.0 2.0 1052.0 0.18714126866398048 0.5216379512247824 0.6486487965716653 0.0159732032817098 0.2508641756791838 1.845600156605892
160000.0 1.0 0.0 2.0 12.0 1.2718268382340243 0.5341640858444721 8.68844981656569 0.0072483749442024 1.4872457840313418 1.764549903980152
10000.0 1.0 0.0 2.0 1271.0 0.150118019789787 0.4967299316047119 0.6229495776241206 0.0133926181971783 0.20528171269936146 1.813333688035108
80000.0 4.0 0.0 2.0 100.0 0.43642853305607116 0.4983132698292097 2.481036658395953 0.007592556955032 0.500162765876952 1.5915179210204615
10000.0 2.0 0.0 2.0 1271.0 0.15864590485281152 0.5256633705374624 0.6192698215975742 0.013487335941193 0.20898988249413342 1.8469100953220707
320000.0 2.0 0.0 2.0 6.0 2.1720355262696094 0.6737009388445295 12.974292685321704 0.0049125295274176 2.250765341830336 1.9663841605003505
10000.0 3.0 0.0 2.0 1272.0 0.15628097537690527 0.5160039949414199 0.6186210207833919 0.013336505399914 0.20414049595122674 1.805463054590326
80000.0 2.0 0.0 2.0 103.0 0.45425560239900126 0.5212859169634675 2.594498001683906 0.0078564570341693 0.5332016623372877 1.7022286373764353
80000.0 3.0 0.0 2.0 97.0 0.4670263842924025 0.5214599131705279 2.5534738872873137 0.0075959752906148 0.5923253853686825 1.8493520737770583
20000.0 3.0 0.0 2.0 403.0 0.2640125585213537 0.5268491041861465 1.2146648928275043 0.011625105697536 0.3299041901329202 1.7897940770975282
20000.0 2.0 0.0 2.0 403.0 0.27441480633875165 0.5512350450886168 1.1710467154565818 0.0114959877664613 0.3372517663994703 1.8296561003037064
320000.0 1.0 0.0 2.0 6.0 1.6853183821473914 0.5201191581423114 11.515195915704016 0.0042598853400469 2.623087966455721 2.345207879911715
20000.0 1.0 0.0 2.0 403.0 0.25956095725349815 0.5222255896083309 1.1192814728010152 0.0109810798753637 0.3158652860265247 1.7310954568025554
10000.0 4.0 0.0 2.0 1271.0 0.1503606983469479 0.4975151481412925 0.5899783822054842 0.0127397709468292 0.1952194033950327 1.723847031264553
160000.0 4.0 0.0 2.0 13.0 1.478706113753429 0.6415434468769589 7.22156333557933 0.0062857011428871 1.6443880255842862 1.983909634004895
160000.0 3.0 0.0 2.0 11.0 1.3454065303566198 0.534630605184552 9.046613763616907 0.0068454308544392 1.285745716705823 1.4459976109624426
40000.0 2.0 0.0 2.0 259.0 0.3068853232039123 0.5289868927033571 1.513563455832282 0.0094210717878034 0.411157367277398 1.9564716378321807
80000.0 1.0 0.0 2.0 101.0 0.4458365004802774 0.5056363445288667 2.836076662084945 0.0083958706140156 0.6367043560178407 2.0317772544944948
40000.0 3.0 0.0 2.0 258.0 0.2883944695692153 0.494102940698479 1.4005232986430223 0.0085753985799603 0.4009127182548171 1.9006838667867725
320000.0 4.0 0.0 2.0 6.0 1.2816251842787734 0.3999330881535058 12.069082148981703 0.0052947055988978 0.9174311926605503 0.816496580927726
5000.0 3.0 0.0 2.0 1052.0 0.18866567605501922 0.5254503850787128 0.6623171668520044 0.0162507813884774 0.24279354789792698 1.7825568255781006
5000.0 2.0 0.0 2.0 1052.0 0.1832973375569058 0.5091374797008644 0.6415408698625015 0.0155790381560601 0.2389156660533635 1.7455412913561343
320000.0 3.0 0.0 2.0 6.0 1.57249223449108 0.4831349352579118 7.995548286532005 0.0033363462224415 2.446710967364787 2.097617696340304
160000.0 2.0 0.0 2.0 11.0 1.4972144494190678 0.6080023887512885 9.60613702094162 0.0081135596919096 1.6178269604649642 1.8877596148970777
40000.0 1.0 0.0 2.0 261.0 0.30433828002671137 0.5248680561325216 1.5163527117454292 0.0094105742481013 0.3812682233468828 1.809641141499595
20000.0 4.0 0.0 2.0 403.0 0.2705958278989242 0.5461785580658811 1.1787890972163166 0.0115838180492848 0.3494249148760722 1.9144963690351768
40000.0 4.0 0.0 2.0 259.0 0.29059107548165586 0.4986002835922118 1.5350968872860296 0.0093021128874241 0.39170142444969064 1.851478550597241
10000.0 3.0 1.0 2.0 1322.0 0.1991933305186275 0.6654124753124618 0.6717210529455993 0.0176409013974331 0.2204206992425425 1.969637750929364
10000.0 4.0 1.0 2.0 1323.0 0.19273347840190766 0.6391181219417452 0.6356946944935151 0.0163851439868451 0.20578433128916807 1.8275751289097644
20000.0 1.0 1.0 2.0 454.0 0.31004847463708535 0.8122576161023786 1.048190097558827 0.0158302499670976 0.3624649055079866 2.420370738818269
5000.0 4.0 1.0 2.0 1153.0 0.23053128367607523 0.6577275388007012 0.6531993202890692 0.0192657107566543 0.24144327809123475 1.8204315702481788
40000.0 2.0 1.0 2.0 299.0 0.36457150468857163 0.681564227238228 1.5017654000276075 0.0133055123091065 0.40473974807691654 2.063300956481688
80000.0 1.0 1.0 2.0 119.0 0.6210208047974394 0.9418463126563128 2.1462760372882888 0.0120929496601785 0.5913403745212888 2.3417891966409057
160000.0 3.0 1.0 2.0 13.0 1.2690956904467356 0.5496410291248607 6.894645863564973 0.0073312076071565 1.6336256555187747 1.9935794376846323
320000.0 1.0 1.0 2.0 7.0 1.6751530569764188 0.6891585442027249 5.093640975928712 0.0054111411131725 2.14222716867247 2.3804761428476167
20000.0 2.0 1.0 2.0 454.0 0.3021717675756073 0.6513403129540918 1.1595883976589827 0.0153658589470521 0.3502167572076789 2.0353301636699275
20000.0 3.0 1.0 2.0 454.0 0.3293860866224488 0.6852774652972108 1.244522632340234 0.015014706063344 0.3300710418089931 1.8742562780922307
160000.0 4.0 1.0 2.0 12.0 1.8726007403827971 0.7515790195658174 11.74471980501575 0.0100866282368231 1.4438390830702024 1.6213537179739277
20000.0 4.0 1.0 2.0 454.0 0.3369853893851076 0.7007070736165807 1.2060248583004576 0.01475981810278 0.33421382917204606 1.9075054097675423
320000.0 3.0 1.0 2.0 6.0 1.3944973189568322 0.4223087290912497 18.57184333905022 0.0108984536727005 2.4808061285881333 2.136976056643281
320000.0 4.0 1.0 2.0 7.0 2.6490980575672842 0.8763651587258428 11.729552147952596 0.00768974117355 1.2266334536566452 1.1126972805283737
40000.0 1.0 1.0 2.0 299.0 0.3655762688259574 0.8255155921203614 1.2585807561941715 0.0129487173384317 0.3992709218660834 2.321512194295636
160000.0 2.0 1.0 2.0 12.0 1.3377326966187701 0.5618582833829723 7.8424057024441 0.0095345778342766 1.9411688459840655 2.3143164446679725
40000.0 4.0 1.0 2.0 300.0 0.38165058170351895 0.6888188221053032 1.5602431615539176 0.0123822621365294 0.39767320373048853 1.9931292237494544
5000.0 2.0 1.0 2.0 1153.0 0.21040950121356267 0.6263885940777076 0.6442422809127688 0.0202804592169527 0.24287526779792717 1.8830138561419736
5000.0 3.0 1.0 2.0 1153.0 0.23129420920977944 0.6652155467214604 0.6495413730441307 0.0194689534232045 0.24838489856460755 1.878768177195032
40000.0 3.0 1.0 2.0 302.0 0.3458101750580729 0.6284621231908581 1.5009991899099189 0.0118733299863477 0.38100102935867297 1.9128817033680008
10000.0 1.0 1.0 2.0 1322.0 0.18727106412713274 0.7769742918480593 0.6452366425076369 0.0190829206114739 0.21479747194541504 2.24348234786374
320000.0 2.0 1.0 2.0 6.0 1.0292924061400086 0.3149979915279886 11.208324651038904 0.0072871071144636 1.141383372397374 0.983192080250175
80000.0 4.0 1.0 2.0 120.0 0.5748760822219237 0.6969801832602208 2.900762078876696 0.0113770652180305 0.5451848317051894 1.87775940742068
10000.0 2.0 1.0 2.0 1322.0 0.18866112349386643 0.6486572194289159 0.6444196104025887 0.0179356294227203 0.20873619033612414 1.8978356509025465
160000.0 1.0 1.0 2.0 12.0 1.148276043205496 0.5874704918443809 5.257304943655237 0.0073381461881328 1.788399006846015 2.4058010698889443
5000.0 1.0 1.0 2.0 1153.0 0.22203231150814393 0.7975365132285996 0.6574482734825795 0.0216658614411193 0.26718526388771946 2.379466719666607
80000.0 3.0 1.0 2.0 117.0 0.6534523119574833 0.7827686445646169 3.283656586822022 0.0128031196301813 0.5889910800980893 1.973893867386308
80000.0 2.0 1.0 2.0 120.0 0.4839383431196981 0.6074926426839414 2.6485832434377317 0.0121995460847485 0.5671180924418585 1.9734938234381325
5000.0 1.0 3.0 2.0 21086.0 0.04989468764109528 0.9784126496841472 5.919390512358589 0.0136263985530632 0.0717284019558275 3.389289695353022
5000.0 4.0 3.0 2.0 1153.0 0.2652311000898439 0.7940342647939659 0.6572583883489969 0.0227156927577619 0.26201013726056593 2.028974627355014
320000.0 3.0 3.0 2.0 6.0 2.8989959799864713 0.9913317742646331 11.709475987645938 0.0129434541642741 2.644351072114403 2.428991560298224
10000.0 1.0 3.0 2.0 1322.0 0.18714224851872072 1.003954707355205 5.661610073396832 0.0098827445818889 0.2827742548909306 3.692233110228465
80000.0 3.0 3.0 2.0 119.0 0.5158549884959228 0.7288033100198655 1.5403022015945784 0.0096619950336284 0.6506787669753359 2.418711184563236
320000.0 1.0 3.0 2.0 6.0 1.6872922261845447 0.8562511781013795 4.02719948930173 0.0015872394897011 3.500535218897078 4.415880433163924
80000.0 4.0 3.0 2.0 119.0 0.6723222117161434 0.8416940503650008 2.542735644869821 0.0144769722912919 0.6080756620864569 2.0702654770393285
5000.0 3.0 3.0 2.0 1153.0 0.2168226597369581 0.7181147319503468 0.6016836540578133 0.0202006737906124 0.24373664822445476 2.02887443926802
40000.0 1.0 3.0 2.0 301.0 0.35506855397901654 1.0578192085082576 2.5734985734338207 0.0054236600271825 0.5886985611259687 4.3446559630689725
20000.0 4.0 3.0 2.0 454.0 0.37424265547595703 0.8092888349084649 1.1882955630707188 0.0183336233957288 0.3614312456955905 2.078452968326878
40000.0 2.0 3.0 2.0 300.0 0.28584163005346447 0.7131124581519106 1.5042654505966953 0.009038237042641 0.40269681815540337 2.5437509501366424
40000.0 4.0 3.0 2.0 301.0 0.46128616850687904 0.869723128032427 1.480853506719369 0.0156405212923332 0.4242592284434157 2.1685714431619387
160000.0 1.0 3.0 2.0 13.0 1.4638978568053618 1.0371752537170742 6.166347515296656 0.0034939733258378 1.8155937591831768 3.1925393799149435
160000.0 3.0 3.0 2.0 11.0 1.9501193140171136 0.8844412337741836 6.575933825389761 0.0097709485372152 1.8988167343233893 2.284333998823687
320000.0 2.0 3.0 2.0 6.0 1.742867275997183 0.7522373313434182 8.266161464169969 0.004567792976774 2.068776302780584 2.280350850198276
160000.0 4.0 3.0 2.0 14.0 1.5152387746904437 0.6828395590119601 9.05264133532052 0.0140974774224654 1.3147776660112167 1.6374732612530445
20000.0 1.0 3.0 2.0 454.0 0.29979862982169375 1.0232142833550195 3.7574746163673995 0.0069253173232568 0.45503567926977156 3.809248777437302
80000.0 2.0 3.0 2.0 121.0 0.4295775333464577 0.7283102020209306 2.1678310356390353 0.0071456602349791 0.6022739328007115 2.586492780500511
20000.0 3.0 3.0 2.0 454.0 0.3038715498384359 0.7385912722700753 0.9099816546540438 0.0146213216020507 0.33789019599575715 2.11561213038514
20000.0 2.0 3.0 2.0 454.0 0.24088612242055452 0.6902719512708059 1.2129412964981403 0.011277626184531 0.32751468655192134 2.3423906304592066
80000.0 1.0 3.0 2.0 116.0 0.5343261859728778 1.0444725833441353 2.375210033407362 0.0036066165034728 0.9422083997544055 4.572676493569447
10000.0 4.0 3.0 2.0 1322.0 0.22492083081136885 0.7737091111802084 0.6536841532122742 0.0203828046745928 0.2214731330167254 2.0031024768393704
10000.0 3.0 3.0 2.0 1322.0 0.1881110532487667 0.721838053261714 0.5395053219823628 0.0166843477656797 0.2284629346674454 2.233713206930198
10000.0 2.0 3.0 2.0 1322.0 0.15529861065786849 0.7028075602487499 0.7023179203080757 0.0136587052068888 0.2069504730571152 2.3088274115355176
5000.0 2.0 3.0 2.0 1153.0 0.17460172820805622 0.6767050880480106 0.7598818236564936 0.0170385397179066 0.23200208696496455 2.194996807704753
160000.0 2.0 3.0 2.0 12.0 1.2981916827161728 0.7283784711240235 7.498314918792246 0.0064046244421092 1.5724907862137933 2.269694946796849
40000.0 3.0 3.0 2.0 300.0 0.3298762613064974 0.6903850887551627 1.0794707096639464 0.0121148366327686 0.3862839608868578 2.1046505812412866
320000.0 4.0 3.0 2.0 6.0 2.506058544740515 0.7408592812853644 17.258784245449966 0.0125682382215912 2.841446420821459 2.3664319132398464
10000.0 2.0 4.0 2.0 1322.0 0.1451113860178378 0.7070451446515951 1.190353435118741 0.0125533723829284 0.2129130414455045 2.5320496745824
20000.0 4.0 4.0 2.0 454.0 0.3122255709845853 0.7387996272650061 0.9976043415133877 0.0156821354662577 0.36454507072932313 2.2407589063774807
160000.0 2.0 4.0 2.0 13.0 1.5096308878009252 0.9565773751995128 9.378832880067261 0.00383025723462 1.1492305855999427 1.832750490103429
160000.0 4.0 4.0 2.0 13.0 1.6755090876455592 0.7792105479759133 7.469690205841663 0.0120154312877339 1.9723951661045194 2.4781092875467863
40000.0 4.0 4.0 2.0 299.0 0.39216822431235987 0.8024305662467353 1.1538430559502961 0.0126259183526741 0.4380101383669868 2.3557625713431167
320000.0 4.0 4.0 2.0 6.0 3.6352648013828293 1.2768136371452183 10.835719676963786 0.0103640078241961 3.3882602957267047 3.250640962435973
5000.0 2.0 4.0 2.0 1153.0 0.16353405329002063 0.6807988526138494 1.2027371104602056 0.0160519529617481 0.22763827490122432 2.293755782502973
40000.0 3.0 4.0 2.0 299.0 0.3182770457545701 0.7469043627089994 1.2586563607889387 0.0098226006869525 0.401354497736964 2.398153277816598
80000.0 1.0 4.0 2.0 119.0 0.5906297744745856 1.235256076674896 1.0538147491237997 0.0032973375455065 0.9886340277603317 5.166698445272763
40000.0 2.0 4.0 2.0 300.0 0.25750894704319865 0.6981461627635677 2.7419387348841227 0.00781846761348 0.37931389178559843 2.553723754974764
40000.0 1.0 4.0 2.0 300.0 0.39052148689227684 1.203492415936752 0.9310523876271826 0.0043995972176551 0.596675586558019 4.525575777776938
160000.0 3.0 4.0 2.0 11.0 1.4360210790240646 0.7367855347262308 7.026383806486986 0.0074130294951279 1.4809211545152585 1.9021518914592013
20000.0 2.0 4.0 2.0 454.0 0.25196617510040836 0.7792548706631027 1.980684723002148 0.0093132795543524 0.3205808282241011 2.430015463614799
10000.0 3.0 4.0 2.0 1322.0 0.1648247015770615 0.6970550385962953 0.5846908014415474 0.0136254211889613 0.20725311579519942 2.1759135321194454
320000.0 1.0 4.0 2.0 6.0 2.0975052267267116 1.07002585700845 2.0738922021290636 0.0016243990618071 4.112975875177067 5.138093031466052
10000.0 4.0 4.0 2.0 1322.0 0.20569338945265414 0.7681900024985571 0.590768218184055 0.0177272969432424 0.2280811062331507 2.1838109195521365
20000.0 1.0 4.0 2.0 454.0 0.2955332837390838 1.0407311308277971 1.2699016953765334 0.0067025444367432 0.5072802171714436 4.381594918654321
20000.0 3.0 4.0 2.0 454.0 0.2699759634967205 0.7270694249037625 0.9518919938281621 0.0110907061459028 0.3314712412073533 2.238144755156831
80000.0 2.0 4.0 2.0 122.0 0.353795448875107 0.6546532001384893 3.5781033625616523 0.0052125719210955 0.6181281874347444 2.875363351272769
320000.0 2.0 4.0 2.0 6.0 1.9439222830149698 0.910814136363726 18.400005340238774 0.0038525693633366 1.9613453511337475 2.3380903889000244
10000.0 1.0 4.0 2.0 1322.0 0.1930113193828875 1.0742497529485806 1.1244056752678684 0.0087803626416781 0.31655750330764815 4.286578947199119
80000.0 4.0 4.0 2.0 120.0 0.5764993005969139 0.792872820266685 1.6730112551709075 0.0098905877659273 0.5616229905775365 2.049731826416345
80000.0 3.0 4.0 2.0 124.0 0.48542330092367314 0.785854682759746 1.8011747362742705 0.0075864092086751 0.49371842952121636 2.024437639857332
5000.0 1.0 4.0 2.0 21086.0 0.04978906049786354 1.0135034763392603 0.5533363212850992 0.0127393804230869 0.07486462815427974 3.667361729828894
5000.0 3.0 4.0 2.0 1153.0 0.19137115799326265 0.6966698867652712 0.6152828389191253 0.0161196195695163 0.23719083714176595 2.1169562030372098
160000.0 1.0 4.0 2.0 11.0 1.8388454501073983 1.238209702242424 1.5561071657918517 0.001497717319851 2.514497983578113 4.131915690418582
5000.0 4.0 4.0 2.0 1153.0 0.24294192348209148 0.7860190768355437 0.6485628739185387 0.0212317589259377 0.2550442584800104 2.084617990734286
320000.0 3.0 4.0 2.0 7.0 1.3675999514479558 0.5785951598895546 7.644038912908025 0.0057265040308825 1.2447291252984751 1.3972762620115435
5000.0 4.0 5.0 2.0 1153.0 0.21408610971748385 0.7434338210752375 0.6622886963431422 0.0181158965748468 0.25209003019923476 2.17539577468676
20000.0 3.0 5.0 2.0 454.0 0.23912056104640095 0.6847672548524874 1.6154934431374532 0.0109821393728805 0.33184565250812614 2.3591931707013067
20000.0 1.0 5.0 2.0 454.0 0.3153816488784941 1.140297734971601 0.7730952845475824 0.00580745914249 0.5477971779539113 4.887098978115352
20000.0 2.0 5.0 2.0 454.0 0.21305534599951806 0.6880094237895018 5.673700696788602 0.0088621567816814 0.3353966653934436 2.6577012304331245
80000.0 2.0 5.0 2.0 120.0 0.37458026984479575 0.7187061576953712 44.94987914336581 0.004870120396647 0.5377158110269653 2.5745876175730014
10000.0 2.0 5.0 2.0 1322.0 0.13348644642474428 0.6795311565172485 2.351317493119135 0.0117840103920447 0.20361958186948786 2.5170114923228573
10000.0 4.0 5.0 2.0 1322.0 0.17660675941037984 0.7160578690330898 0.5736286320338991 0.0142921129705802 0.20321542285382144 2.073663382298016
320000.0 1.0 5.0 2.0 6.0 2.180802387735094 1.2116115159846694 1.1970133554353644 0.0011817051335534 9.56679390947517 14.841383583300672
10000.0 3.0 5.0 2.0 1322.0 0.14766170006681917 0.667876537692034 0.83643451233524 0.0126030563453154 0.20255960259903147 2.2536571287590914
5000.0 1.0 5.0 2.0 1153.0 0.22068064292331516 1.0753994218500122 1.3397591015677435 0.01213542772624 0.35015674119926327 4.109378684179803
320000.0 3.0 5.0 2.0 6.0 1.453600021648349 0.6145095345069916 6.602259433016311 0.002450767885922 1.317574844935552 1.3662601021279464
160000.0 1.0 5.0 2.0 12.0 1.5778122079207293 1.1257072923749143 0.9042518822044456 0.0012407219646787 4.137861736729852 7.537281078784715
80000.0 3.0 5.0 2.0 155.0 0.3592217112019304 0.6986740314412049 2.4489461686477294 0.0066886273231162 0.47504045096939884 2.319513405481192
320000.0 2.0 5.0 2.0 6.0 1.1930103247226285 0.5829809753899919 21.63262577625353 0.0022545149807767 1.2782682000227092 1.602081978759722
10000.0 1.0 5.0 2.0 1322.0 0.18692221574049225 1.065069256622923 0.7266928979483109 0.0084696560669952 0.3049642148521135 4.223531659858844
80000.0 4.0 5.0 2.0 116.0 0.4965205111013165 0.7424414096449781 1.483056493565133 0.0068401181502416 0.5534384596747554 2.131983190327279
40000.0 4.0 5.0 2.0 300.0 0.37992177487968964 0.8542155624306209 1.0466050499963444 0.0091260706782407 0.39319568858991355 2.2614899243231084
40000.0 2.0 5.0 2.0 302.0 0.2417743964396231 0.685432496567593 11.100694426400164 0.0063234065061153 0.3657685304973069 2.554548885059842
160000.0 3.0 5.0 2.0 11.0 1.2895246339632145 0.7098860532123832 8.244231548655387 0.0052593245303728 1.9819104543492116 2.802596198981483
40000.0 1.0 5.0 2.0 300.0 0.36596667718152426 1.156456484897043 0.6288919699452802 0.0040614544492214 0.6091980757526841 4.753856616614203
160000.0 2.0 5.0 2.0 13.0 1.2735900362623143 0.8597106777044091 80.52508157520167 0.004134571318632 1.8282517214855145 3.123525293063954
20000.0 4.0 5.0 2.0 454.0 0.32862911972341574 0.8444259407087067 0.9406160636448848 0.011779450084904 0.36703086893269016 2.39711619230773
80000.0 1.0 5.0 2.0 149.0 0.4135661687453935 0.9878664528221736 0.6605876846870736 0.0031089964626062 0.7514413780634536 4.442203972033396
160000.0 4.0 5.0 2.0 11.0 1.2596364268431426 0.6170577219205815 3.0624427521041553 0.0036819204559824 1.5050457540863968 1.8877596148970777
5000.0 3.0 5.0 2.0 1153.0 0.18476148594804798 0.7173118919252672 0.8685236513648855 0.0159744551831658 0.24595391881019618 2.317290515439932
40000.0 3.0 5.0 2.0 302.0 0.2618050725524309 0.6614555190557848 1.7634220742046336 0.0082921090999089 0.3681634467518566 2.322770076943641
5000.0 2.0 5.0 2.0 1153.0 0.15601733756740033 0.6788465596289773 1.960542011605887 0.0150691741797693 0.2334472275994815 2.442420173780618
320000.0 4.0 5.0 2.0 6.0 2.092752778286059 0.8068148943014537 3.067342698104262 0.0023572492729167 2.3545661342923014 2.316606713852541
10000.0 1.0 6.0 2.0 1322.0 0.1922938785437914 1.1128397348662562 0.5739198557070226 0.0080574269412921 0.3203386146410393 4.490287157557435
80000.0 4.0 6.0 2.0 123.0 0.4475234513613774 0.7328818527711577 2.35795722402586 0.0065776456950103 0.607110675558053 2.5312389190171825
10000.0 2.0 6.0 2.0 1322.0 0.13606183253877727 0.7133595549583586 7.811788727814046 0.0111095331066286 0.20538921766804813 2.59786081540832
160000.0 1.0 6.0 2.0 13.0 1.8772569729873032 1.431227332504411 1.2476764217404923 0.0020908876972012 3.9105528286975657 7.776526150818177
5000.0 2.0 6.0 2.0 1153.0 0.15077610930820667 0.6758886594188812 3.8840304568982327 0.0147215027566008 0.23225206728304426 2.4909271499577903
40000.0 4.0 6.0 2.0 299.0 0.30680394628082713 0.728503605346347 1.4673853839487236 0.0078739008020204 0.40010199658069256 2.4096429623191
40000.0 2.0 6.0 2.0 302.0 0.23609095185650886 0.6928844207454515 5.547830576649829 0.0057149737985867 0.3855434586923554 2.7765194590897293
160000.0 3.0 6.0 2.0 12.0 1.0705150410411213 0.6430689415889738 10.461593486369328 0.003847001948175 1.8771276394456946 2.796101181678127
5000.0 1.0 6.0 2.0 21086.0 0.05003627439175702 1.0587468422041562 0.23736361562868807 0.0116463652848487 0.07947806100129276 4.046386319479071
40000.0 3.0 6.0 2.0 299.0 0.24999836754773574 0.6603406027664175 2.88968198009912 0.0075990437742285 0.3684164257033189 2.408012259314553
320000.0 4.0 6.0 2.0 6.0 0.389968819120809 0.1579338141965381 4.500847856634303 0.0020623322192766 1.7764588975687148 1.8348478592697184
5000.0 3.0 6.0 2.0 1153.0 0.17154237554911564 0.6935749058459029 1.2920160281936994 0.015652893835185 0.2312806197678806 2.2608465925879058
80000.0 3.0 6.0 2.0 116.0 0.3683202025579499 0.6469393899299056 4.543384074948819 0.0064512346237758 0.4983958497470094 2.188339686773433
5000.0 4.0 6.0 2.0 1153.0 0.1981410989574303 0.7273330390081918 0.800314323514874 0.0164796173510539 0.24890747818953782 2.251069820508139
320000.0 3.0 6.0 2.0 6.0 2.6081279517971003 1.1857049713145342 16.646349042742354 0.0042514824364386 1.8200159195213692 2.065591117977289
160000.0 4.0 6.0 2.0 13.0 1.4695990128100158 0.8459206282097449 8.495114085350307 0.0068531755488218 1.4561083816372202 2.1363760352762253
40000.0 1.0 6.0 2.0 302.0 0.35348396896850753 1.143341352829219 0.5436674757291694 0.0041158505064601 0.6600408797933152 5.24936570983083
160000.0 2.0 6.0 2.0 13.0 1.1659377569108171 0.8006814519119936 8.97116922475962 0.0033144628667147 2.0607489057547976 3.5264567820827515
20000.0 4.0 6.0 2.0 454.0 0.2866225072746676 0.7836496786637793 1.3015478614472222 0.0109792370320794 0.3433184132833402 2.3592261468088065
80000.0 1.0 6.0 2.0 123.0 0.5343052726117057 1.1681044542734875 0.5783176459596566 0.0028843073838922 1.0146490219489128 5.480120495488699
20000.0 3.0 6.0 2.0 454.0 0.22302476727978207 0.6712825789678109 2.3727719072353577 0.0101210281153286 0.3031352328046154 2.233756368253941
20000.0 2.0 6.0 2.0 454.0 0.21424596436582524 0.7148790139276175 19.747046325352347 0.0081879281037081 0.3316787621912601 2.698912073803465
80000.0 2.0 6.0 2.0 118.0 0.37906025737126847 0.7473531091396439 5.444578585152228 0.0044934882394408 0.5715391165095156 2.79172220653464
20000.0 1.0 6.0 2.0 454.0 0.29845011544474864 1.0964350714333686 0.6543329028108309 0.0059284217052718 0.5088409039295977 4.569407168146454
10000.0 4.0 6.0 2.0 1322.0 0.17336533181638564 0.7444252125264124 0.7271073428292372 0.0127746102948713 0.21453660644439304 2.2901445299418697
10000.0 3.0 6.0 2.0 1322.0 0.1462112164996562 0.693640864747516 1.2631827033090781 0.0123714965964483 0.1935770554197998 2.234217139980494
320000.0 1.0 6.0 2.0 6.0 2.504699689082551 1.39264544470826 0.7748059399424354 0.0008886243675854 3.23492787975189 4.516635916254486
320000.0 2.0 6.0 2.0 6.0 1.2544980451715768 0.6395359995079756 8.551573032402526 0.0023454526722291 2.729713656650969 3.488074922742725
20000.0 4.0 7.0 2.0 454.0 0.2603856937546051 0.7427021760341995 1.9325033399293954 0.0099417242140704 0.3055837329513344 2.1650313658971174
160000.0 1.0 7.0 2.0 12.0 1.296962321617979 0.9503403582879706 1.1348314283658398 0.0019686850929945 1.6119243538127837 2.8431203515386634
160000.0 3.0 7.0 2.0 11.0 1.1344543350121035 0.676204091703358 43.39371047797392 0.0047623135703717 2.1114825603895224 3.1449815724275862
20000.0 3.0 7.0 2.0 454.0 0.20614998721473027 0.638718941763682 3.786236267581934 0.0094185144698325 0.31050548907127506 2.346940528456816
40000.0 3.0 7.0 2.0 299.0 0.2619862838081796 0.7128062799523843 5.531978701909983 0.0074009539348609 0.3375685330489945 2.257144314317886
160000.0 2.0 7.0 2.0 13.0 0.6408712241841222 0.4533220921494664 4.611005140301045 0.0028065358730411 1.0780486282650248 1.9315199276138029
40000.0 4.0 7.0 2.0 301.0 0.30918052663048884 0.7764051626397415 2.441431660660936 0.0076956920971072 0.39740206894187513 2.4907847878445253
40000.0 2.0 7.0 2.0 299.0 0.25608424803871177 0.7668162976578303 2.6172731501606044 0.0054585679091231 0.40435424507943046 2.97777074053675
320000.0 4.0 7.0 2.0 6.0 1.8771052387339286 0.8349639690828973 23.651048927566755 0.0065222832058615 1.6225418811728693 1.8348478592697184
10000.0 1.0 7.0 2.0 1322.0 0.19828591874352014 1.161190039789633 0.5091428600659856 0.0081309605002411 0.3230135419176217 4.591569053832488
320000.0 1.0 7.0 2.0 6.0 3.394114695332008 1.918075662480497 1.2707686223145176 0.0015858620706101 6.210343193454148 9.025888691240697
80000.0 3.0 7.0 2.0 117.0 0.3821504914009576 0.6966440967358776 9.509333028662477 0.0056057646904014 0.5743842422385581 2.597211091228821
5000.0 3.0 7.0 2.0 1153.0 0.15375047674371192 0.6408565322301489 1.792463248659045 0.0148661407436358 0.22369432023276742 2.2366234508353946
320000.0 3.0 7.0 2.0 6.0 1.6449502189053384 0.7671295579409436 141.75240828141028 0.0032141577378083 1.2101751266045975 1.378404875209022
80000.0 4.0 7.0 2.0 130.0 0.3707734202325683 0.6537365049242716 4.056219322994107 0.0062417616396868 0.5387674957784214 2.4023443132001656
5000.0 4.0 7.0 2.0 1153.0 0.2034035399453838 0.780764376066401 1.0653266454449328 0.0155682364547427 0.24532530761085966 2.295256590519797
10000.0 4.0 7.0 2.0 1322.0 0.1659369082286868 0.7447611362116316 1.0487678039744792 0.0122973702632454 0.21184387575322242 2.340056433218718
160000.0 4.0 7.0 2.0 13.0 1.0481368977971637 0.6387410362660731 10.0804292657464 0.0053708669167046 1.3426750446270366 2.0816659994661326
10000.0 2.0 7.0 2.0 1322.0 0.13102078552917823 0.7009048802404728 7.103900574664383 0.0104626417470367 0.20625522753829006 2.664350180301955
10000.0 3.0 7.0 2.0 1322.0 0.14019133348670548 0.6865210321843913 1.932645681910105 0.012008512803323 0.19815250401257517 2.3476825350157697
80000.0 2.0 7.0 2.0 119.0 0.39743403832590113 0.8031451447630578 2.3193619235073313 0.0039403393697707 0.5962115906949407 2.964466963603017
80000.0 1.0 7.0 2.0 121.0 0.6100334493249139 1.3475153087131342 0.5065314029970471 0.0027639737437781 1.078773660504317 5.915602472874583
20000.0 1.0 7.0 2.0 454.0 0.3285850352682554 1.2278318852727674 0.572304626081475 0.0056870688505937 0.5824658795951476 5.328973064709581
20000.0 2.0 7.0 2.0 454.0 0.1900059860753701 0.6468289528159439 4.045531452656971 0.0074354168761856 0.3099409203742871 2.5675582599258027
40000.0 1.0 7.0 2.0 300.0 0.3713492917500197 1.20668597372189 0.49290101806401243 0.0041275306543711 0.7130987140241422 5.708327738851021
320000.0 2.0 7.0 2.0 6.0 1.34754284294228 0.683194704312029 3.56016006121673 0.0016283930729403 2.1479315980594755 2.683281572999748
5000.0 2.0 7.0 2.0 1153.0 0.15486547446455248 0.7116441180948091 11.024336568472675 0.0141190376528677 0.23870581404831265 2.62390531835426
5000.0 1.0 7.0 2.0 21087.0 0.050366997509470136 1.078142201281915 0.2016709686343448 0.0114132929699052 0.08058316443251602 4.1486000102081135
10000.0 3.0 8.0 2.0 1322.0 0.1389967996852239 0.6967978274296565 3.2648741133835535 0.0121051108056515 0.20134125860006014 2.433029931216614
10000.0 2.0 8.0 2.0 1322.0 0.1284897517224693 0.7007822225456923 3.1154038739896377 0.0103528515110998 0.2027549730251523 2.658671669461741
10000.0 4.0 8.0 2.0 1322.0 0.15846968695821248 0.7385574156029674 1.6079009588388111 0.012246469340141 0.20385841117724085 2.323502447138965
320000.0 1.0 8.0 2.0 6.0 0.987684492623099 0.5354917506367401 1.2003789500771553 0.0015980538647575 2.026737288431927 2.6394443859772205
5000.0 4.0 8.0 2.0 1153.0 0.18244670815646408 0.7249189658887271 1.5269028643705074 0.0157419949073284 0.2374134653872258 2.288704753624371
5000.0 1.0 8.0 2.0 21087.0 0.0496507348251644 1.0707436972697613 0.1820863860408707 0.0112841933674597 0.07922911201857542 4.106590694245079
160000.0 1.0 8.0 2.0 13.0 1.3907149580796077 1.057843252893503 0.9712769758344449 0.0018698570924072 2.02682372121862 3.738229390280775
320000.0 3.0 8.0 2.0 6.0 0.8026638501952723 0.3820089706625573 92.22873452721207 0.003115405191322 1.3673461233692392 1.602081978759722
320000.0 2.0 8.0 2.0 6.0 0.5498880104702278 0.2808620616364314 3.627259029222317 0.0019976648193995 2.1809646218371905 2.786873995477131
10000.0 1.0 8.0 2.0 1322.0 0.2004312894493139 1.1875567366506958 0.46365099928218356 0.0078975655307009 0.3482877813276713 5.010418712338075
80000.0 3.0 8.0 2.0 116.0 0.4318910798378207 0.8128449837110566 1818.0974729030468 0.0046949730099936 0.5831250145626542 2.7070899194677587
80000.0 4.0 8.0 2.0 116.0 0.4481819809078779 0.7778222395034209 7.35450987367781 0.0060766361244677 0.5158753472333552 2.246886901832219
20000.0 3.0 8.0 2.0 454.0 0.22048999973728642 0.7029144087921789 8.322187864268649 0.0095090253487164 0.32313163378553694 2.5077371496494343
20000.0 2.0 8.0 2.0 454.0 0.19388586664641866 0.6740219383820323 2.309647026291492 0.0069526163554824 0.3207797211258224 2.717115258695335
80000.0 2.0 8.0 2.0 118.0 0.3242988021217632 0.6615192162423681 1.5430392805184774 0.0034389423994869 0.5934940362719876 2.9945747457954486
20000.0 1.0 8.0 2.0 454.0 0.34728673278379396 1.3005412425623326 0.5275813810692461 0.005670261064177 0.5895444054974693 5.372982892439824
20000.0 4.0 8.0 2.0 454.0 0.2479364298815858 0.7315929522909571 3.0677138227572076 0.0092632117915807 0.3282791228829257 2.3874536319163915
160000.0 4.0 8.0 2.0 11.0 1.3728166389477583 0.7937404550607206 16.78914294767618 0.0040817884861819 1.3651002596310027 1.9632996344280853
160000.0 2.0 8.0 2.0 11.0 0.9902710679820768 0.6711226407364688 2.7787014781958286 0.0019534445424801 1.3314821233696565 2.2401298663653
80000.0 1.0 8.0 2.0 119.0 0.5870618592905623 1.2977438776704169 0.48120470994012404 0.0027832491853427 1.2142545486660674 6.696441603747466
40000.0 2.0 8.0 2.0 299.0 0.23129679699828803 0.7034632517363731 1.8426424077493613 0.005657788484025 0.38278814273346706 2.8435246080890795
40000.0 4.0 8.0 2.0 301.0 0.2916001806345209 0.7592396140207245 4.626133915480933 0.0080037751315256 0.3437818270016555 2.220497484988812
40000.0 1.0 8.0 2.0 299.0 0.3976908483998258 1.302329917642562 0.46791737045063353 0.0042042009352567 0.7413340939594609 5.99485574777997
160000.0 3.0 8.0 2.0 11.0 0.842779854364394 0.5139696427186761 39.65190506302751 0.0040452697666512 1.4467156466187177 2.21153998175685
5000.0 2.0 8.0 2.0 1153.0 0.15011420116862462 0.7000818622985853 17.066216613384146 0.013940504637271 0.22146798812982546 2.466708505364683
40000.0 3.0 8.0 2.0 299.0 0.24129365124331495 0.6720463164829362 17.595691149970854 0.0065684079065247 0.35694123105922776 2.440143349639243
5000.0 3.0 8.0 2.0 1153.0 0.15918097856735053 0.6818588458993101 2.645308527165931 0.0152460895763745 0.22865923411197306 2.340541655042711
320000.0 4.0 8.0 2.0 7.0 1.807301649373254 0.8764344734151415 14.927909630786349 0.0029730445634167 3.148990935748744 3.915780041490244
320000.0 4.0 9.0 2.0 6.0 0.9139474694906163 0.4161461474049711 67.829050658268 0.004316537572796 2.1516574145596765 2.5298221281347035
5000.0 2.0 9.0 2.0 1153.0 0.1451687150496915 0.6853227728037331 6.6660219207774025 0.0137550080466729 0.2234531479469273 2.5103380736276915
40000.0 3.0 9.0 2.0 300.0 0.22220865466521852 0.6313773254387184 17.185766371568022 0.0062522552006056 0.33546348342102267 2.321447670422616
40000.0 2.0 9.0 2.0 299.0 0.23180592316419352 0.7134782484041698 1.299321624347363 0.0049592576868454 0.3917597082720341 2.9543487770353813
40000.0 4.0 9.0 2.0 299.0 0.2888498034577246 0.7675401791338438 7.4829932855475025 0.0069420762057144 0.37358007281473826 2.449540142156886
80000.0 1.0 9.0 2.0 116.0 0.4903490737453096 1.072353411454671 0.5105731424710168 0.0030769124683799 1.0091039860057602 5.434191272177369
40000.0 1.0 9.0 2.0 302.0 0.3572550958269889 1.1804792921810288 0.39546073477537985 0.0037682431517354 0.7390855417526772 6.074501886303684
160000.0 2.0 9.0 2.0 13.0 0.7782544854173733 0.5812760632149464 3.328775548238775 0.0030605299320123 1.2782058346274336 2.385855756810896
20000.0 4.0 9.0 2.0 454.0 0.24187836756843112 0.734862140025825 5.8944252853499925 0.0094945205850989 0.31697508090969245 2.36162495283452
160000.0 1.0 9.0 2.0 13.0 1.4637654929253765 1.145596289699979 1.2260095905794106 0.0024909385916887 2.8278257795443804 5.490084301814102
20000.0 1.0 9.0 2.0 454.0 0.3142261813622974 1.1867977115446045 0.5101010255700026 0.0057419504105464 0.5721393503275982 5.322301262011995
80000.0 2.0 9.0 2.0 116.0 0.3932553610569088 0.8105359092883404 1.4311429802591493 0.0037330319155252 0.6343006269165837 3.2220543420166803
20000.0 3.0 9.0 2.0 454.0 0.20041327375139636 0.6505438748096382 65.34586678375078 0.0085625225859344 0.2910044134065176 2.2805316603906234
20000.0 2.0 9.0 2.0 454.0 0.20559376426159573 0.7251947948151999 1.824729568905661 0.0070332956055038 0.3079744527719122 2.6390035140963235
160000.0 3.0 9.0 2.0 12.0 0.8294875975352236 0.5517896620419449 13.588837845327678 0.0028197928854551 1.6920070789247774 2.774341308665842
160000.0 4.0 9.0 2.0 13.0 1.7363583057877483 1.1228022615713524 37.567145359688276 0.0046205787628707 1.8144368465060579 2.943920288775949
320000.0 1.0 9.0 2.0 6.0 3.497054177222531 1.984332074443859 0.5538963345796717 0.0007621410306935 14.120902690276951 21.848722311994965
10000.0 4.0 9.0 2.0 1322.0 0.1522856077638016 0.7244339891992939 2.796069177526888 0.0121685940784425 0.19697616499069567 2.2895387372001137
10000.0 3.0 9.0 2.0 1322.0 0.1345755982034233 0.6881599452434645 6.671444579894266 0.0112353250388724 0.1899119193708251 2.335344091000728
10000.0 2.0 9.0 2.0 1322.0 0.13069326286163407 0.7234526163253072 2.0132995538480425 0.0098157810794051 0.2113927060535769 2.816819951519565
80000.0 3.0 9.0 2.0 123.0 0.3896070402672268 0.7670014563009292 12.277471701813425 0.0054050271992262 0.5503066825904399 2.6447184196291453
5000.0 4.0 9.0 2.0 1153.0 0.18170505442764642 0.7378139411645397 2.34870616680505 0.0155321226913415 0.23391761004662673 2.289104062758573
320000.0 2.0 9.0 2.0 6.0 2.1614766592119614 1.1372468006842962 1.93366545319409 0.0012838897688924 2.4995435503628776 3.2041639575194445
10000.0 1.0 9.0 2.0 1322.0 0.1982091794821515 1.1787932979233189 0.4410238305051167 0.0079896921791329 0.32484414585602495 4.673608605293879
5000.0 1.0 9.0 2.0 21087.0 0.05087132880651479 1.1048475504388466 0.16818459917327647 0.0111498314716289 0.08165095514417751 4.2595923596376295
320000.0 3.0 9.0 2.0 6.0 1.8181947010397503 0.8939327702163444 13.428461040823796 0.0025591031543856 3.183289703016886 3.898717737923585
5000.0 3.0 9.0 2.0 1153.0 0.1559184693065123 0.6802543843056609 4.380423632283083 0.0157360136535715 0.2235819793021986 2.330382703105111
80000.0 4.0 9.0 2.0 117.0 0.46477217418129607 0.8344463206635679 10.690425330921093 0.0049385258769134 0.5267643338415088 2.341466185161981
80000.0 1.0 10.0 2.0 56.0 0.6894731202868011 1.056977813691642 0.6561413299741842 0.0028448833571391 1.4246307033601617 5.379977308888565
160000.0 2.0 10.0 2.0 13.0 1.093941548116336 0.8068419459653976 2.5794059638697946 0.0028411750847005 1.5805214446133933 2.8756270219259603
20000.0 4.0 10.0 2.0 132.0 0.36711980548262374 0.6129502382119265 22.7910906517976 0.0087552552428205 0.5914942964280818 2.4027102246795766
160000.0 3.0 10.0 2.0 13.0 1.3808740568498437 0.9644694596459464 9.194801295002428 0.0032570052806874 1.4824875995691242 2.536907060949896
80000.0 4.0 10.0 2.0 52.0 0.5290570390325586 0.6495260706163043 59.14015990449726 0.004006959494307 0.7615013191519888 2.3285071830160766
10000.0 3.0 10.0 2.0 51.0 0.5476550074142351 0.5575767437831703 71.86879344640842 0.0103151846940721 0.9708737864077669 2.380476142847617
10000.0 4.0 10.0 2.0 51.0 0.557230903344866 0.530439666787808 24.99850161922331 0.0121126262161971 0.7116564417177913 1.624324897472491
320000.0 1.0 10.0 2.0 6.0 1.648717793580834 0.960971928136648 1.4312232794132065 0.0020368826136198 4.652020079150035 6.723094525588644
10000.0 2.0 10.0 2.0 51.0 0.7985753273826002 0.8818613202743834 8.454535413103981 0.0085093917345415 1.2000726567974331 3.13737744858695
20000.0 2.0 10.0 2.0 132.0 0.38100866442769726 0.732819477031818 3.225992022501404 0.007968501109555 0.6422792929418373 2.9975315621543497
20000.0 3.0 10.0 2.0 132.0 0.3464384809660055 0.6139638590760547 20.880949199452985 0.008966118394769 0.5706085671361931 2.4524626833137537
160000.0 4.0 10.0 2.0 11.0 1.4245725147496204 0.8481580890376507 209.79230732714012 0.0022611910807082 1.8458724904612434 2.649185123426036
80000.0 2.0 10.0 2.0 54.0 0.5166901759031944 0.732226486665351 1.584800732039084 0.0032518185450681 0.9504120050356523 3.340715096875303
20000.0 1.0 10.0 2.0 132.0 0.5804519020416964 1.1910354624456108 0.857995058831079 0.0053502970508765 1.0855592354345838 5.441437426603215
40000.0 1.0 10.0 2.0 82.0 0.7124444616193956 1.232061951852401 0.7364517553491855 0.0037775508739884 1.183999879339939 5.014297534563639
40000.0 3.0 10.0 2.0 82.0 0.4713862874152154 0.7143961123296045 11.182454592053864 0.0065916854674857 0.7195165104425547 2.649106591515881
40000.0 4.0 10.0 2.0 82.0 0.42457107087831836 0.602485126915321 5047.539546472933 0.0070078808721134 0.6717106221254927 2.342542158409647
40000.0 2.0 10.0 2.0 82.0 0.42410917905559503 0.6935970100423277 1.9843700746076516 0.0044367065281535 0.6229524296086225 2.469689790306319
5000.0 2.0 10.0 2.0 101.0 0.5511545045716435 0.7827571211511725 12.275713423031224 0.0149053951472625 0.8234463696107065 2.7841844709567707
320000.0 4.0 10.0 2.0 6.0 1.8785930410320772 0.882564328911307 797.046147523798 0.0015293523254474 1.2222207713437254 1.4719601443879744
10000.0 1.0 10.0 2.0 51.0 1.2038294270809062 1.438316909653807 1.9033285853947708 0.0072688064922999 2.0627655636374023 6.103293871216703
160000.0 1.0 10.0 2.0 13.0 2.108748001931503 1.7193564350562192 0.9009603598683493 0.0019001459792099 2.7562288362699103 5.580414468570022
80000.0 3.0 10.0 2.0 53.0 0.4534980141556769 0.5901285563677112 6.165232175724588 0.0042793964965427 0.8043407148474658 2.5566158237495777
320000.0 3.0 10.0 2.0 6.0 3.2182617139601426 1.6480840460971653 9.059747260510186 0.0022587588675413 2.862701280795444 3.669695718539436
5000.0 4.0 10.0 2.0 101.0 0.5792617505047042 0.7136779261746231 11.285406449212628 0.0150066595546048 0.7734100551032521 2.291784725431857
320000.0 2.0 10.0 2.0 7.0 1.3464362835373354 0.7807962709098115 2.5292262961649645 0.0020002630655562 1.3697553832740648 1.9518001458970664
5000.0 1.0 10.0 2.0 20035.0 0.05158567230953593 1.0988150189733563 0.16467788534234767 0.0111238185680969 0.08363770499318397 4.282666278124837
5000.0 3.0 10.0 2.0 101.0 0.5627534577760488 0.7319433403029645 32.79039630879875 0.0154252177090455 0.7477701208942663 2.3207202705749403
20000.0 4.0 11.0 2.0 81.0 0.6451789525005467 0.8610639305874113 84.94163584666869 0.0082453467877895 0.8317559291571871 2.6837991314138576
160000.0 2.0 11.0 2.0 12.0 1.171444764613213 0.8429775630124592 3.251641291054773 0.0036243613660536 1.9855730591408696 3.5021638332824345
320000.0 4.0 11.0 2.0 6.0 0.9467160313702474 0.4487611242818014 28.175079137022863 0.0022760074915277 1.9613453511337475 2.3380903889000244
5000.0 2.0 11.0 2.0 9695.0 0.050194761138852954 0.699203524961831 1.0827197337864036 0.0133045926859323 0.07977956618653088 2.639349210482332
5000.0 3.0 11.0 2.0 10001.0 0.05135848486951797 0.6755456190182539 5.234864498043604 0.0147011875663274 0.0756961997361407 2.3629960949915905
40000.0 3.0 11.0 2.0 41.0 0.6631410254053313 0.7170416276057563 11.049099848708524 0.0059511172485819 1.1057920925739964 2.906468815523359
80000.0 1.0 11.0 2.0 34.0 1.0161346678220848 1.2177910715615563 0.8108026345822914 0.0027985103969163 1.7247280490291184 5.105308132032253
40000.0 4.0 11.0 2.0 41.0 0.5853342628154055 0.5951090330822559 36.59716649021627 0.0066462518075577 0.8982620635265827 2.258587946526573
80000.0 4.0 11.0 2.0 31.0 0.978291531300188 0.9457771839370588 37.63478013302158 0.0051942712589468 1.0777677660412892 2.603554229059943
10000.0 2.0 11.0 2.0 2287.0 0.09502687554211876 0.7026540000104051 1.0119258128023902 0.0093003172550502 0.15526310309615204 2.751241818621549
10000.0 3.0 11.0 2.0 2287.0 0.10117670001202944 0.6990222017523565 12.052078840088582 0.0109749979172341 0.1469239281261445 2.42841475986582
10000.0 4.0 11.0 2.0 2287.0 0.11162451305894007 0.725220433870214 8.867845456927043 0.0116161349096207 0.1535424320919074 2.412623993274607
320000.0 1.0 11.0 2.0 6.0 2.798922783562349 1.6026313895174606 0.5808171276032263 0.0008636849689942 7.996423860217503 12.437845472588892
20000.0 1.0 11.0 2.0 81.0 0.7513464942610523 1.2197059284065663 1.208569814197839 0.0061956007469483 1.3282482622767326 5.277573095446218
80000.0 3.0 11.0 2.0 34.0 0.6404857320201301 0.6771436663545896 7.0044351951782495 0.0041339137339907 1.0055000883198468 2.574556708637296
80000.0 2.0 11.0 2.0 34.0 0.6705690269802455 0.7501015278220664 1.7691378680058836 0.0032231251512533 1.0354977917072097 2.859141139755258
20000.0 3.0 11.0 2.0 81.0 0.4570763464371258 0.6435602454627877 13.057185649661877 0.0072301625622239 0.680706829452173 2.3075961518428656
20000.0 2.0 11.0 2.0 81.0 0.4771553948578368 0.7192980262762707 2.754846946082811 0.0060955466838848 0.8088415775724204 2.9774357183304767
160000.0 4.0 11.0 2.0 11.0 0.9226602738099317 0.5557819580636733 37.05737038965625 0.003758281898682 1.7752824735935955 2.638870281699418
40000.0 2.0 11.0 2.0 41.0 0.6625104310485136 0.7696026275800055 2.868355569861884 0.0052166563021004 0.8753669466173699 2.4402618811882646
40000.0 1.0 11.0 2.0 41.0 1.0693517867826865 1.3288444715332153 1.0930465908505027 0.0041438802897105 2.1765173010788676 6.7745038518716925
160000.0 3.0 11.0 2.0 11.0 0.5792711439740376 0.3647574977732712 7.3507113146773175 0.0030598313933106 1.9238097140702264 2.975658826973525
10000.0 1.0 11.0 2.0 2287.0 0.147594787278678 1.165548097821495 0.2993365018034852 0.0077215695433361 0.2574992764156529 4.942296971850965
320000.0 2.0 11.0 2.0 6.0 1.5411069506148332 0.8164679771225974 1.5318688388946888 0.0012526505732512 1.756103706151026 2.258317958127243
160000.0 1.0 11.0 2.0 13.0 1.4430875819813702 1.1552981549899044 0.9362175748244812 0.0020516762523261 4.670038707949923 9.105506927692517
5000.0 4.0 11.0 2.0 10001.0 0.058282906394738654 0.7228234765447363 1.9914222762112632 0.0151375403815352 0.07887548312478083 2.347477295957193
320000.0 3.0 11.0 2.0 7.0 1.2064052913674757 0.658287266139871 5.420002354868974 0.0018569370575531 3.047091412742382 4.157609203101499
5000.0 1.0 11.0 2.0 29787.0 0.04195840576358135 1.09274836081692 0.12899125342830936 0.0110520592500006 0.06801544428957296 4.252983312907225
320000.0 4.0 12.0 2.0 6.0 2.1830318826243715 1.0853889250709463 22.937483372360436 0.002419076815179 2.581930746533067 3.141125063837266
320000.0 3.0 12.0 2.0 6.0 1.1662506444633365 0.5921564244353 5.517487041380622 0.0023654880331551 1.2903225806451617 1.632993161855452
5000.0 1.0 12.0 2.0 19636.0 0.05215877910026172 1.1085827686041805 0.15305202656949005 0.0109556414767252 0.08490340584119503 4.336536110693245
80000.0 4.0 12.0 2.0 52.0 0.6031030082172726 0.7483857426816536 12.643719181987736 0.0046122862953947 0.8793716175449601 2.682831848438976
80000.0 3.0 12.0 2.0 56.0 0.5712847415509837 0.7869956433463299 4.469799995775205 0.0045215631714899 0.7603252892378007 2.540068513238974
160000.0 1.0 12.0 2.0 11.0 1.1295626048903655 0.8132953442071896 0.8046571307964345 0.0016484296851025 2.8380634390651087 5.125692857821981
80000.0 1.0 12.0 2.0 55.0 0.8723789676383749 1.3318630601769736 0.4476770763683303 0.0020258963132999 1.827398387075297 6.975763718853976
80000.0 2.0 12.0 2.0 54.0 0.574567204774299 0.8259279627235447 1.4905565552117621 0.003502628861428 0.9579189760457109 3.4257625511123466
40000.0 4.0 12.0 2.0 82.0 0.5506301719537234 0.8121627161303004 15.50643459764367 0.0066369819673053 0.7080322497707126 2.5497459592063305
20000.0 3.0 12.0 2.0 132.0 0.39275945207643087 0.7181563645003161 8.192021653780976 0.0079377424353709 0.574603704639911 2.527148451671298
20000.0 2.0 12.0 2.0 132.0 0.3626613844020484 0.7042735625922235 2.128861306758828 0.0062853085793728 0.5561968131686806 2.592393988699248
160000.0 3.0 12.0 2.0 13.0 0.664043533836941 0.4732886172901375 4.060099056077522 0.0022015344601506 0.9861572920940812 1.7614096918559583
40000.0 1.0 12.0 2.0 82.0 0.6749196074061752 1.188382558047409 0.8049627949819971 0.0043890991557473 1.2480857258208424 5.400101485657931
160000.0 2.0 12.0 2.0 13.0 1.2437309743828673 0.9230332596029968 1.547114661960045 0.0018951805703496 1.6897666886395921 3.0697030675746024
40000.0 2.0 12.0 2.0 82.0 0.48358978519899626 0.7983709088889653 2.200826575719665 0.0057486538062919 0.8050728140302279 3.288611465630433
40000.0 3.0 12.0 2.0 82.0 0.37424876316247613 0.5766723163262157 5.834946712528704 0.0055053101196012 0.5674402220419624 2.111752862092783
20000.0 4.0 12.0 2.0 132.0 0.4229046904260932 0.7282079479272893 36.4245801962261 0.0090878445767933 0.6232967260070461 2.605133813006301
10000.0 2.0 12.0 2.0 51.0 0.7032037123655852 0.7789561544458199 5.712562770376723 0.0089383647654418 0.968319506499103 2.5423472248622345
320000.0 1.0 12.0 2.0 7.0 2.4558715119921493 1.504543696527922 0.5563853249491215 0.0009068242487357 2.9151568542698083 4.429339411136565
10000.0 1.0 12.0 2.0 51.0 0.9714561016839609 1.1609392885512837 1.99395556060743 0.0076229239709573 1.720117524349617 5.014801620614483
10000.0 3.0 12.0 2.0 51.0 0.6124159580761618 0.6390433119875978 33.761236990687266 0.0111592440436438 0.9693787724020504 2.3985289609405567
5000.0 3.0 12.0 2.0 101.0 0.4605584736794805 0.6134617180580807 209.3701918173272 0.0154238356192877 0.7124842781492012 2.236732057495869
5000.0 2.0 12.0 2.0 101.0 0.4435242427793189 0.6307391743811461 8.418245771702262 0.0133189248555391 0.830980201503298 2.815445377425626
320000.0 2.0 12.0 2.0 6.0 0.5918251724772844 0.3251790322268646 2.2890437816831057 0.0019545441255358 2.0144756554052163 2.7386127875258306
5000.0 4.0 12.0 2.0 101.0 0.5161457739589235 0.645945582028838 55.02431101585494 0.014417062676584 0.7668459806947147 2.318116340121141
160000.0 4.0 12.0 2.0 13.0 1.1590752168178045 0.7808375035326345 12.707909997046063 0.0032660404459787 1.127988090571241 1.8708286933869709
10000.0 4.0 12.0 2.0 51.0 0.9154577514920921 0.9126257291367328 509.7469223888388 0.0110453539766534 1.1706761568379862 2.8129950544696283
20000.0 1.0 12.0 2.0 132.0 0.5394536340529152 1.11390499923526 0.8811397572930748 0.0059218664294685 1.0090894478998544 5.044074767625133
160000.0 3.0 13.0 2.0 13.0 0.5979531369324196 0.4244657288875041 5.772105331482575 0.0034320525456201 1.3178847597487178 2.258885588639695
40000.0 3.0 13.0 2.0 41.0 0.713331338031508 0.7876441112970851 5.071064509673818 0.0045622363111257 0.8865872227083842 2.340002084635302
40000.0 2.0 13.0 2.0 41.0 0.7049413687070514 0.8310245354306963 2.9201476315396806 0.0059222017057003 0.9595461930634396 2.7603463904231207
160000.0 2.0 13.0 2.0 13.0 1.0863983966515103 0.8210466800964709 1.8567463084660587 0.0023585240123694 1.3942520232345852 2.614064523559687
20000.0 1.0 13.0 2.0 81.0 1.0544903954255145 1.741290886366906 1.0009616389595661 0.0053133651857135 1.7568902885835889 7.084172063633159
320000.0 2.0 13.0 2.0 6.0 1.1269576752238097 0.6049701601456613 1.6965839671577145 0.0015053095190026 3.3168031946367678 4.400757510550504
10000.0 2.0 13.0 2.0 2287.0 0.09331199414373006 0.7005674633326727 0.857274663536931 0.0094438818978099 0.1534635018509732 2.7572195215817734
10000.0 3.0 13.0 2.0 2287.0 0.09738107422554652 0.6837750670533771 3.205851643892791 0.0106364225802438 0.1466517222886026 2.4492762420249963
10000.0 1.0 13.0 2.0 2287.0 0.14295436995785918 1.1344621250310536 0.2853741036375476 0.0077188681435659 0.24892145735411048 4.7821355021711085
20000.0 3.0 13.0 2.0 81.0 0.45084758481729864 0.6467553376373059 8.523320533859113 0.0078110408329083 0.6655822196048483 2.3014354082336537
20000.0 4.0 13.0 2.0 81.0 0.5219181476010504 0.7117933034891346 25.030434626817954 0.0079867612250297 0.6707607053990178 2.2179820658527527
40000.0 1.0 13.0 2.0 41.0 0.7643016615286274 0.938373300724288 1.0053845029387263 0.0039375208775288 1.4809617989806272 4.484662208232769
20000.0 2.0 13.0 2.0 81.0 0.4342083814918048 0.66828061561502 2.431840756963717 0.005936691798077 0.7573097594571094 2.828972679216448
10000.0 4.0 13.0 2.0 2287.0 0.10895859900645964 0.7264795704156519 7.358623062571273 0.0113587564010203 0.14771772960207816 2.373456332781679
160000.0 4.0 13.0 2.0 13.0 0.6556799993475758 0.4340954491518647 11.495263077636364 0.0029807204224848 0.7974794448400725 1.3204505835470497
320000.0 1.0 13.0 2.0 6.0 4.124763400860346 2.43083369704031 0.7834259482035767 0.001197690421464 16.348630458567378 26.96417376198772
320000.0 3.0 13.0 2.0 6.0 1.3484427606449527 0.7036797777872174 4.658347120937175 0.0020373046474856 2.194357366771161 2.857738033247041
5000.0 2.0 13.0 2.0 9830.0 0.050068562651166236 0.7108099835164085 0.8064533466068163 0.0132217668550377 0.07958186600611618 2.677259645431256
5000.0 3.0 13.0 2.0 10001.0 0.04976647833334495 0.6668222657278999 6.245544048659988 0.0144963802187888 0.0743800924800866 2.361330864503074
5000.0 4.0 13.0 2.0 10001.0 0.05756069014353293 0.7313158968727222 516.4119839073295 0.0150797254044276 0.07860643673081928 2.3847528918872207
40000.0 4.0 13.0 2.0 41.0 0.5988379936120469 0.6297549197999132 18.783156287388135 0.006806083229826 1.0227158358982873 2.6385971882709227
80000.0 2.0 13.0 2.0 33.0 0.6135195762637751 0.6910061472860579 1.4543639047442547 0.0027878587415303 1.2032155012395591 3.330301651638946
160000.0 1.0 13.0 2.0 12.0 1.2825640485087477 0.9807946828588756 0.7248652893449297 0.0015874521510087 3.2237267382459827 6.244391422902975
80000.0 1.0 13.0 2.0 31.0 0.9786650663073503 1.128804166935223 0.7699497239264907 0.0026679884258305 1.4167161754013258 3.989771869404625
80000.0 4.0 13.0 2.0 31.0 0.583298638441582 0.5716795918160141 13.215554631809558 0.0038079266514788 1.149374226981084 2.801305379275346
80000.0 3.0 13.0 2.0 31.0 0.6933488832207633 0.7097132117445263 4.075421843324571 0.0034303330974842 0.8466989927065569 2.094026321840091
5000.0 1.0 13.0 2.0 29759.0 0.04243817436970492 1.1135425660038751 0.1216206801827488 0.0109924566299191 0.0690421613517504 4.352432867632873
320000.0 4.0 13.0 2.0 6.0 1.1084380545485528 0.5329507422517265 11.426710990017696 0.0027258340782501 1.5235393257114738 1.834847859269718
20000.0 3.0 14.0 2.0 132.0 0.35297456053047016 0.6502007448654924 5.292472464675282 0.0066095400525146 0.5600363260704362 2.4635675212505035
160000.0 4.0 14.0 2.0 11.0 0.8112908901937024 0.5125869054476161 12.101030774910106 0.0034137881532693 1.7591946849473208 2.736952518935813
40000.0 1.0 14.0 2.0 82.0 0.6025642114338103 1.0603957088658982 0.6531651583619734 0.0036522315525697 1.0656585155910572 4.600200956557292
20000.0 4.0 14.0 2.0 132.0 0.49159041211625343 0.8714118842631451 11.340744573464018 0.0088212662305812 0.5977736020061936 2.5655753212726564
40000.0 3.0 14.0 2.0 82.0 0.4096692545994534 0.6424551792410382 4.379480846801057 0.0057248310762545 0.6613527671892633 2.492657087450213
40000.0 4.0 14.0 2.0 82.0 0.5882924757219906 0.885192383001128 8.394621356075778 0.0060757424308489 0.6856596778050884 2.5085520692005567
160000.0 3.0 14.0 2.0 11.0 1.347132185616862 0.8962509127166648 5.8652780082019715 0.0035525447122514 1.1925139648833547 1.916436086262016
40000.0 2.0 14.0 2.0 82.0 0.47973026035169386 0.800037848612543 1.4721913480229702 0.0043964115845042 0.7849922637502129 3.191848243931007
5000.0 2.0 14.0 2.0 101.0 0.4972420977873539 0.7188649201703233 8.568544570540563 0.0154287597980414 0.8475874394726919 2.929062297151438
320000.0 3.0 14.0 2.0 6.0 1.2304618854564016 0.632409824138324 4.176856710104608 0.0021240944248471 2.3412670619896034 2.943920288775949
5000.0 4.0 14.0 2.0 101.0 0.5627016764096954 0.7227487449170754 66.76232627918375 0.0145597544091411 0.8183370074304274 2.503897951294152
5000.0 3.0 14.0 2.0 101.0 0.5905907901980976 0.8055634667869331 55.56786483744594 0.0157313782875996 0.8428930652653535 2.701484740282684
160000.0 1.0 14.0 2.0 13.0 0.9807546862158678 0.7775482855811952 0.7860782101931222 0.0018096675819905 2.2571859870883797 4.444818360339403
320000.0 4.0 14.0 2.0 7.0 1.6696300009762244 0.8716975676940998 5.561095858634747 0.0013879967114497 2.5752795169732736 3.309438162646486
5000.0 1.0 14.0 2.0 20034.0 0.05141797775530283 1.109183819546379 0.1440274660331122 0.0108990143077795 0.083872394729103 4.34407428449874
80000.0 2.0 14.0 2.0 52.0 0.4784732208067053 0.6811223233810455 1.249364881992604 0.0031457543330835 0.8943504959034723 3.113004882212964
10000.0 1.0 14.0 2.0 51.0 1.0459882932544322 1.248362446410434 1.609669500468991 0.0065139727656296 1.932890126449444 5.618875751062872
320000.0 2.0 14.0 2.0 7.0 0.9962940182076288 0.5970052887218881 1.3966870414197268 0.0013824088177973 2.110766511004619 3.2071349029490923
10000.0 3.0 14.0 2.0 51.0 0.7777988005231874 0.8257230325041458 23.67023502834027 0.0136749090408876 1.1725663716814156 2.9685937781393807
10000.0 2.0 14.0 2.0 51.0 0.6433281041544877 0.7263884431468159 4.720132943187003 0.0084255782546886 1.0679992762018786 2.898275349237888
20000.0 1.0 14.0 2.0 132.0 0.5838870227865023 1.2158401649919994 0.831935187260158 0.0056922490470243 1.0580698869691438 5.415998908999228
20000.0 2.0 14.0 2.0 132.0 0.4101392786471325 0.8038445856989005 2.1827098494505957 0.0073823643749066 0.7172390689018239 3.424780765831412
320000.0 1.0 14.0 2.0 6.0 2.3367591037061883 1.3608494876363066 1.2095729834979858 0.0018927879262259 7.430129204023789 11.587349423689036
10000.0 4.0 14.0 2.0 51.0 0.7026358059600274 0.7081742600767794 22.767786901957017 0.0096751558662371 0.9686821209143499 2.3330532044730483
160000.0 2.0 14.0 2.0 13.0 0.8078165670269626 0.6027348368808156 2.0664415217904275 0.0027773954592941 1.9778866824008885 3.647970985039808
80000.0 1.0 14.0 2.0 53.0 0.6415838839482657 0.9689813228364134 0.6380545464764753 0.0029046964097976 1.3527037775464676 5.031684803260374
80000.0 3.0 14.0 2.0 56.0 0.5965897211306976 0.8290354895960365 3.671694474084106 0.0046567219181397 0.7303158351795249 2.463236177781673
80000.0 4.0 14.0 2.0 55.0 0.536569251760713 0.707254229637453 7.8075799042592156 0.0046261161590137 0.7406369900893586 2.3868325657594203
40000.0 3.0 15.0 2.0 82.0 0.39851695544231813 0.6298475010842717 3.3847137329316492 0.005190715703363 0.6393284862001282 2.440005824823609
40000.0 4.0 15.0 2.0 82.0 0.47988508790758994 0.7228675145941511 8.602240896418165 0.006509391479689 0.7538933100571424 2.763186609856688
160000.0 3.0 15.0 2.0 13.0 0.8428242006369768 0.6007328435827145 2.880693359068404 0.0021068039363951 1.4714831348081423 2.567049588485503
40000.0 2.0 15.0 2.0 82.0 0.4595797581272567 0.7692117806054207 1.4412991569871159 0.0044519996552995 0.711334719302995 2.878995985787209
80000.0 4.0 15.0 2.0 53.0 0.5228903527378903 0.6784274225519904 5.20390105459999 0.0040942681878869 0.7605518392751877 2.4174318559039136
5000.0 1.0 15.0 2.0 20035.0 0.0514326079352621 1.1115644886497604 0.14136138963417216 0.0108607900104249 0.08426810648390647 4.373265944571128
320000.0 4.0 15.0 2.0 6.0 1.73564365855649 0.8803629637825521 5.870829608339236 0.0018282990398044 2.106625221173716 2.683281572999748
80000.0 3.0 15.0 2.0 54.0 0.4215355292025348 0.5820162010347704 2.7881618598458893 0.0036552706526517 0.7454167778437555 2.498427178202293
80000.0 2.0 15.0 2.0 52.0 0.5556416782649246 0.7950020554604085 1.1731315785632015 0.0031213293007604 0.907181698814099 3.171505392633801
80000.0 1.0 15.0 2.0 55.0 0.6586692374859695 1.015078227029769 0.5748344428715949 0.0027301426464354 1.6335953339834892 6.262388395613004
160000.0 2.0 15.0 2.0 12.0 1.065842186701967 0.768423213766051 1.8076736123049095 0.0024620914322651 2.3552785988299787 4.242640687119285
160000.0 1.0 15.0 2.0 13.0 1.4659754990296858 1.190506020941278 0.4912059864409125 0.0011365280876874 2.5873083083474553 5.209704947597861
20000.0 3.0 15.0 2.0 132.0 0.39294759830429327 0.7280625328651974 5.153630153254704 0.0083320334724204 0.6120906735507995 2.7197221796858213
160000.0 4.0 15.0 2.0 13.0 0.7791453726261623 0.5320217651466372 5.828591174781004 0.0029200252628429 1.3921513307767797 2.39390251070699
40000.0 1.0 15.0 2.0 82.0 0.8427300124701479 1.499744349885523 0.7680046269707145 0.0042824240328734 1.9188961940965217 8.522884863452278
20000.0 4.0 15.0 2.0 132.0 0.41166858695759545 0.7320187405957522 8.295023073077777 0.0088110075649506 0.5485262515258871 2.342753036090256
20000.0 1.0 15.0 2.0 132.0 0.5947270125591304 1.237914840129712 0.8030216171247861 0.0057375558200057 1.0920629121298697 5.528217105243885
20000.0 2.0 15.0 2.0 132.0 0.37186320327503913 0.7353956939879801 1.9173791256752586 0.0067350757844466 0.6160944560263856 2.947718941508998
320000.0 1.0 15.0 2.0 6.0 0.7029261445523486 0.3973275462386169 1.0214525500138336 0.0016218490924456 1.8625940446854863 2.562550812504343
10000.0 4.0 15.0 2.0 51.0 0.652443442620074 0.6543411407802867 29.31219944584035 0.0132993108154167 0.9557885738865876 2.3193981639936805
320000.0 2.0 15.0 2.0 6.0 2.968160068691882 1.6486838040287377 1.4036619867104512 0.0013362476827544 5.27527637466288 7.386925386564202
10000.0 1.0 15.0 2.0 51.0 0.9080357343401756 1.086837292323149 1.8518421346189868 0.008021998104045 1.6050429345266861 4.618632341492701
10000.0 3.0 15.0 2.0 51.0 0.6047411945470179 0.6479002038501142 19.773952871373425 0.0126387853835988 1.0579787094251307 2.648862130846997
10000.0 2.0 15.0 2.0 51.0 0.6320258429599271 0.7150143778562613 4.4606300259640586 0.0086171280713464 1.1163317741804824 3.021621432018143
5000.0 3.0 15.0 2.0 101.0 0.5817006805403153 0.792136508865251 17.93921473705189 0.0135819239715519 0.8329390893818751 2.689473429266903
5000.0 4.0 15.0 2.0 101.0 0.6155722144750715 0.8091135997307838 34.540912499870316 0.0136145545009253 0.864177790479165 2.678554361096025
320000.0 3.0 15.0 2.0 6.0 1.1027990533693341 0.580394834573844 3.0891160443118366 0.0014667794781993 1.512030705421715 2.0
5000.0 2.0 15.0 2.0 101.0 0.5347751129565707 0.7666873548863149 6.656469504700252 0.014623594919343 0.8102000600747566 2.740203071176866
