alpha_a alpha_g dim A_ass A_ass_err B_ass B_ass_err A_diameter A_diameter_err B_diameter B_diameter_err A_short A_short_err B_short B_short_err
0.0 2 1 0.014568114089506935 0.0008218067529558526 -0.19496480834926197 0.00804476589059565 3.2741055397266274 0.05408422670236837 -5.347642450030811 0.5064399126681919 1.0002917174915809 0.011094558646557359 0.06654993652762248 0.10388057698596419
1.0 2 1 0.015125670543287143 0.0008660443460051288 -0.22227169884851114 0.00874907335703457 3.625950991837088 0.029422481755795555 -4.655365591097101 0.2793374435298963 1.179812019187991 0.018141529310355974 0.5458188970551682 0.1718499169880586
2.0 2 1 0.006473270667375236 0.0005514977834721596 -0.08415640315012927 0.005665212550424813 4.489007413925836 0.058191731807755734 -7.584241515943462 0.5426990401123776 1.6101150782150004 0.015629078124793496 -1.0854947751683777 0.14680197434648046
3.0 2 1 0.004545828516665624 0.0005083972423729169 -0.037437410438232746 0.005358735314903784 4.627720015056126 0.04516973806646596 -6.620324875860135 0.4211158728746082 1.7230720535806734 0.014142968211432008 -1.109426880042658 0.13345597490500666
4.0 2 1 0.0034811635288931526 0.00040637163873875177 -0.010773209275869429 0.0043270421264815905 4.875405539639648 0.08401086084471364 -7.753023898915752 0.7832164655527254 1.8235828201946755 0.022693801912377045 -1.5133678226359875 0.213745545861005
5.0 2 1 0.0030460940505879666 0.00042186164689499134 0.003858258043077395 0.004533230199045803 5.166042076888127 0.08885283642076557 -9.457906284397968 0.8268546289333949 1.9016049288043306 0.018706534343002564 -1.848732056357884 0.17615706406080164
6.0 2 1 0.00294374328113695 0.00038385866129909057 0.011637226308085207 0.00412743251967317 5.196242488051142 0.1000650059996958 -9.24611293830044 0.925689666904261 1.9308875020754939 0.02200686845181357 -1.8761187052859838 0.20603570126525794
7.0 2 1 0.002924974123360873 0.00035882069520178913 0.01662336287327357 0.003812640575036801 5.154012479759227 0.12182602277283944 -8.38778228763427 1.1314110306804575 1.938679278022081 0.025772887588854602 -1.7804537430441145 0.24200947905281142
8.0 2 1 0.002942617313394418 0.0003937502504746443 0.019742132734887508 0.004174607154489154 5.035351180430603 0.20311989747121464 -6.915799243351837 1.8820860180358332 1.9126159619221612 0.038106310016848305 -1.3561627997515986 0.359470402831654
9.0 2 1 0.0026056380162076736 0.00047644029877099466 0.02608206927370614 0.004791686204237389 5.3394932666291615 0.13452432121613456 -9.577062377030664 1.236223725384803 1.9436797255183973 0.02098977774716187 -1.573902098126043 0.19477867852444522
10.0 2 1 0.0020143881989070677 0.0003603983954604172 0.034588103054082185 0.0039208117912636325 5.163378514428055 0.23676713590588125 -7.381694674141746 2.3297823189769464 1.9541881688804166 0.04967929463513571 -1.4812860822790734 0.4914953827221085
11.0 2 1 0.0028621166868577587 0.0004124855637757879 0.02597715908479782 0.003871978074355473 5.513382081084218 0.0844438564049852 -10.679909296771793 0.730000030681076 2.013358263260775 0.02504129295058079 -2.042595498731347 0.21724998785492394
12.0 2 1 0.00159889557197789 0.0005653715003460621 0.042185594948841255 0.006456433406190788 4.905091819717246 0.22429400300530747 -4.543248214435339 2.1974575934183522 1.8740872795157715 0.028560575089431214 -0.5753831780930712 0.2841280376111344
13.0 2 1 0.0026881835800075487 0.00039867014652765167 0.030245716774989904 0.0037711706869778166 5.239321949694904 0.0976124398022353 -8.065737474627866 0.8445986986633431 1.9789881300342695 0.027935985840201846 -1.6351402375149886 0.2423640315418714
14.0 2 1 0.002191851417942785 0.0004440450064154995 0.0376732095021029 0.004844147895799024 5.2174087857500835 0.13340195790628512 -7.576022597263868 1.2975903757447609 1.9473858264151387 0.02432293303448436 -1.2349064219297534 0.24253918539322708
15.0 2 1 0.001298424128936108 0.00040533119768264547 0.04828793018261738 0.004742941423444427 5.315068627496289 0.15806357404045443 -8.62557332437502 1.5322124946971563 2.01649294247781 0.030678817723069348 -1.8987151672522837 0.30576495838594536
0.0 2 2 0.014659672597812872 0.0007956971895833502 -0.19659804754926513 0.008122262141814853 3.312830433193223 0.042738106693340626 -5.709206572475266 0.40398500588307673 1.005799301329122 0.009856496494815589 0.016518799403205456 0.09375628625157852
1.0 2 2 0.01704993819318022 0.0009953958146721087 -0.23454294712341647 0.00990402259315525 3.1629018633402755 0.043151002901689856 -4.104828942671968 0.40738021704216576 0.9611253038271881 0.013945213609419749 0.5946582720139426 0.13195843090030587
2.0 2 2 0.015363573928063782 0.0007045334744036771 -0.22803702446573096 0.007073884698738288 3.480857898552955 0.033458346416726695 -4.489277313577636 0.31805243525475974 1.164986410206061 0.008330322371979185 0.17887697099442432 0.07911582135091147
3.0 2 2 0.011879212930764115 0.0008708797061077401 -0.16368871761679601 0.008861429431107178 4.12184211535016 0.022611514056895966 -7.257274497598376 0.21261410916749357 1.450955404328134 0.010354174915372896 -0.9315638654186558 0.09778350123573877
4.0 2 2 0.007377626119690032 0.0007951616700815503 -0.09746432942417904 0.008390048664118853 4.392918573487331 0.04194366104905122 -7.7529921952728165 0.3960390833182554 1.6156107654712546 0.013448754433176226 -1.4880383377056916 0.12742846495383048
5.0 2 2 0.006450984989097876 0.0006913194022049898 -0.07371962272821228 0.007260708327852457 4.646375396024564 0.042712307702110174 -8.79542987923148 0.4034396088536332 1.6912297045389355 0.004959847351896396 -1.5859791401651973 0.047016046932359536
6.0 2 2 0.00544770056529229 0.0006770234044127018 -0.05385959949501441 0.007209124672047252 4.776669228854099 0.03364519444101153 -9.145636387713825 0.3165853937184325 1.758486259082701 0.012063258139470337 -1.7715750384966586 0.11428501675651802
7.0 2 2 0.005422388758763905 0.0005307751169322327 -0.046427936813627606 0.005658385605486241 4.876007404841768 0.0612881992333458 -9.272614251117625 0.5778977057499177 1.7910543173696896 0.016021292869983612 -1.7488334165047497 0.15242809558693118
8.0 2 2 0.005174529981371758 0.0005345080034680761 -0.0386272472304241 0.005690690243474122 4.963621462420975 0.051708637599502845 -9.547719325141163 0.4843312499657211 1.850017755424907 0.009742049494856006 -2.027801397467022 0.09213356130037646
9.0 2 2 0.0049588245043140885 0.0007298881891205911 -0.03232867370566507 0.00758081127289636 5.043130613695327 0.09061798289462106 -9.827092261167246 0.8415423603850267 1.8812512226097118 0.019836142152449106 -2.110185412758099 0.18481071237389426
10.0 2 2 0.004085891661864594 0.0006841322817996064 -0.019062814452425487 0.007541015969001457 4.985683056368478 0.08192387835134024 -8.868801268222105 0.8247149959178877 1.8722510390300988 0.02035116927798372 -1.802548663904046 0.20415468200408732
11.0 2 2 0.0058401223382953385 0.0007014225203009212 -0.03638087926876097 0.006409557094032042 4.969064673222456 0.05214373337039235 -8.720943232589502 0.4521815306373477 1.8805454700826827 0.016784385688098008 -1.8679730779237582 0.1456852182132341
12.0 2 2 0.0036383440480147996 0.00045491077319118707 -0.010232798909567995 0.005161058807315655 5.219078683930212 0.1925637944729434 -10.999213873449827 1.907761842760245 1.929502304959322 0.016664006626004712 -2.2590310263887643 0.16683019066934424
13.0 2 2 0.00541362953193709 0.0006162363702856401 -0.028735669086533362 0.005661778912161309 5.243314431041105 0.0461627888516646 -10.725302148100674 0.40032398722699347 1.957725295206581 0.02408752555888265 -2.3512918233984728 0.20923694347312952
14.0 2 2 0.003316543646408151 0.0006036261592556209 -0.003434360917109692 0.006809235351285776 5.064420803561439 0.11472703524723088 -8.713403024572381 1.1374422301608016 1.8976472816468104 0.03301812963955526 -1.7237891524667175 0.33011516685413944
15.0 2 2 0.003483133839561491 0.0005022202311367454 -0.0036417109542792566 0.00560475390879717 5.363008736155105 0.15023298328537013 -11.762688004716678 1.4756136236964112 1.9868425337746407 0.04883162872403176 -2.5477300496996187 0.48360645865369856
0.0 2 3 0.014885506709317278 0.0009433859362727508 -0.1984891101096355 0.009551756546437256 3.2590614193730856 0.03694097102409149 -5.170547373825874 0.34934914416614543 0.9990712570510403 0.0067861483813131535 0.06708382313533529 0.06460053212489755
1.0 2 3 0.01801426782470512 0.0009126103013189151 -0.23890365976979835 0.009093000164885246 3.1605371480830304 0.029627275766622524 -4.59547748999144 0.2804972443517999 0.9471306018428763 0.015989681077945364 0.4279940891750836 0.15164100179429252
2.0 2 3 0.016634831198421983 0.0009908934139621693 -0.2371861376672285 0.010029481164635133 3.0605483708747574 0.032261518029441605 -3.271670100541863 0.3057716657398569 0.9417153008180538 0.01617649483560099 0.7928036372557711 0.1540632617598639
3.0 2 3 0.014744616480577767 0.0005636697874702414 -0.22212425619651038 0.005628475573840317 3.355270023633593 0.03491422388639144 -4.024583329886681 0.33063467067866625 1.1227363106002126 0.014901554021108836 0.2088232520484589 0.14145908212054595
4.0 2 3 0.01329278287354551 0.0006658505199931322 -0.18762518967823014 0.006738796422628198 3.8612384425191384 0.04977804950860005 -6.62598238316342 0.4698665411358367 1.359596890030832 0.01234458291721814 -0.8679882280709624 0.11627169516932687
5.0 2 3 0.009951656818435723 0.0009978127481290893 -0.13421942927117395 0.010221085480741587 4.0955969142922255 0.06042688834262194 -7.1328162170147555 0.5730156189218883 1.4929382273515597 0.012824160285602718 -1.3009230764660908 0.12188817894461124
6.0 2 3 0.0073191076228203015 0.0007237789460059031 -0.09484979880810206 0.00744954974024872 4.219023645067602 0.03923681184337967 -7.13517792366474 0.3718906332206283 1.5771269859710557 0.01428351415714951 -1.501986608185368 0.135795221974056
7.0 2 3 0.005604774748342837 0.0005824230601241244 -0.06908445543559924 0.006131414722316082 4.393539248888152 0.034420968660855984 -7.936323810237712 0.32573659309257313 1.6476216252449827 0.011756934974256618 -1.7393318850872244 0.11130648102617392
8.0 2 3 0.004828605832634494 0.0005861278140139183 -0.05493343388573995 0.006206465392133358 4.530703832740942 0.04112512383666614 -8.464249901146244 0.3888672730673277 1.6903441598016127 0.01297341465911633 -1.7811047557315942 0.12338890838621015
9.0 2 3 0.004543646989154229 0.0005347141162875969 -0.04687587568337257 0.005400940375474134 4.484972290730826 0.05714925769088368 -7.518859487675627 0.5330567643514008 1.73595666998408 0.018872887205285963 -1.9372211904938919 0.17662415332520096
10.0 2 3 0.002921422560734246 0.0005665882819560391 -0.025507534831686975 0.006430130378810889 4.651421734699711 0.049524633152948284 -8.66210602921482 0.4906825986843475 1.7837276808006086 0.020568145479914788 -2.2228394593549003 0.20487484719683166
11.0 2 3 0.004010844658221407 0.0004205020357846379 -0.036392586768510406 0.003878543389606304 4.74298548397439 0.05266507423707887 -9.173773702746423 0.45671441142470165 1.8030714633358134 0.031920409934009256 -2.197892680718838 0.27727249569117024
12.0 2 3 0.0037363637596130417 0.00022797566314039503 -0.029247084921502575 0.0025014017200575005 4.986406961157748 0.13246952201217768 -11.283739472673915 1.3324916853541449 1.8408501766807883 0.031632214639673306 -2.383103312048745 0.3156907853394068
13.0 2 3 0.004065681759581127 0.0003939825693047409 -0.031760268536678384 0.003640185341505834 4.626918786768633 0.047592637814977835 -7.666678646203179 0.41304910291297997 1.8308981631845624 0.010401955362441349 -2.19346870813582 0.09032459277041122
14.0 2 3 0.0039847575287423765 0.00035244000413692565 -0.028683197039336004 0.003870198764164314 4.738927726429769 0.050260254246769984 -8.495772011332901 0.5060124270702979 1.8079118872081263 0.017411495273714866 -1.841651674130642 0.17474138458492083
15.0 2 3 0.002839817573295206 0.0004398025329967592 -0.014421747945877085 0.004895982498827114 4.878954233463159 0.08940665729929503 -9.608792369895472 0.8954008709067641 1.8437617372187822 0.03215584502243638 -2.1043323127441855 0.3257962507699987
0.0 2 4 0.015128579570340908 0.000892061275766594 -0.20105458015988623 0.008987030471833836 3.29004537677358 0.04309289812183361 -5.429702335206317 0.4094165249194421 1.0039920081532363 0.010034027134756969 0.04383673009005365 0.0952869990347039
1.0 2 4 0.01760218842620135 0.0008330910552169543 -0.2339897074969473 0.008293151932318839 3.2317016613309955 0.03933211821069444 -5.318299573191373 0.37135878393636096 0.9507179914437806 0.01285242959945843 0.33304516676324347 0.12142821848009085
2.0 2 4 0.01896388219549346 0.0011416365102820938 -0.25465307155324424 0.011385833134248832 3.119294405234212 0.029748315675668966 -4.557212944669943 0.2825710550817187 0.9335771044551647 0.015474878479824908 0.3894496255714325 0.14650932982521228
3.0 2 4 0.017811348855893847 0.0006855627091219939 -0.2510291835136102 0.006805010914305861 3.095916729042772 0.04225326077572746 -3.5979594341555634 0.39969177694735336 0.9560923993248769 0.01294738484277725 0.6683722350958312 0.12247241607234499
4.0 2 4 0.014123260044691855 0.0006244480696485724 -0.21412062082995986 0.006236585299121136 3.3570947244101466 0.03555800904236109 -4.532900313191791 0.335790932729818 1.1019495249561582 0.01614518724334319 0.14052667800644017 0.1529474363004322
5.0 2 4 0.012596643240011857 0.0005794366645266997 -0.185118623322502 0.005957594505441421 3.699539963357534 0.03140566732412748 -6.042507788126625 0.29672942300734134 1.2965004455063138 0.013670314595591215 -0.8001731780787471 0.1290095319972237
6.0 2 4 0.01110597351532711 0.000859781163575429 -0.15129452279923566 0.008843134397842616 3.9994913063003104 0.025032718174392062 -7.449184202581887 0.23700633075233224 1.4249977907184952 0.01366994320036548 -1.3200009633881877 0.13018787265607495
7.0 2 4 0.008484986389471042 0.001006484437557853 -0.1109336637139818 0.010384251168312503 4.1849991270910145 0.06269463190726306 -8.140271255811296 0.5943376862023686 1.5150913977903966 0.016549582623146805 -1.6052960957998603 0.15804876249607916
8.0 2 4 0.006445682134871963 0.0009055424291484745 -0.08094906753646894 0.009325561959502439 4.290839718044929 0.03872287073530383 -8.189095651214927 0.36766724080384 1.5807398194522624 0.011505780671492582 -1.7583495039041495 0.10888639745750683
9.0 2 4 0.0039088583893411265 0.0009368445163762004 -0.04861299725645743 0.009520539138988428 4.398513964150599 0.046621568685243836 -8.604824696736157 0.43438709336425757 1.6482415175794336 0.016108313593400345 -2.0860755735356205 0.15023495376501747
10.0 2 4 0.0017376177791317358 0.0006876968239389149 -0.021024668559466074 0.007781073994567011 4.5913692215662465 0.16843321736109818 -9.991460227263575 1.6704445507879409 1.6912123891716313 0.029452102330278864 -2.204839890026402 0.29294313100108377
11.0 2 4 0.0028666213551857265 0.0005920881562829561 -0.03125039930983361 0.005407674179038761 4.553035981873056 0.07500356373254603 -9.02782995045024 0.6505841870702098 1.7134542682832095 0.01640421116995093 -2.19300195779796 0.14245630991540986
12.0 2 4 0.0017370771867141952 0.00048786598451681484 -0.014752251768186536 0.005321089662308274 4.500963217451817 0.07249852173002423 -8.15010856705568 0.7207166156954172 1.7622778567657382 0.044226985743533946 -2.4946750461170555 0.43584906407860946
13.0 2 4 0.00225554666747823 0.00039536592467697746 -0.018789093054300713 0.003564373275231177 4.657758087865606 0.04894861645753336 -9.329227313056158 0.42545448649517503 1.7471503213092892 0.027399331889078626 -2.1718610831973417 0.2382963661099019
14.0 2 4 0.0011921271451731802 0.0002346231629709064 -0.005252067671492769 0.002648680861845642 4.677320598295937 0.08611211108446444 -9.244043240936321 0.8568809288908985 1.7842372255671597 0.031731015864616414 -2.3455919352433265 0.3170164116371781
15.0 2 4 0.001921600169989951 0.0004018114948943871 -0.01093551207112954 0.004481153104313936 4.745009813371502 0.08448805285901814 -9.699194987998897 0.8438216834249569 1.7383092710275838 0.03915195472983568 -1.7865281018398917 0.3943356178082317
